SINGLE   HIS   ND1   CE1   NE2   LG1   CH2   CH2   OH ### REMARK 7BYU_EDO.pdb_HIS22_EDO_Packing_score:-1.146777_Hbond_score:-0.748888
RT -0.857986 -0.332456 -0.391577 0.366479 -0.930334 -0.0131228 -0.359935 -0.154764 0.920052 -2.28505 4.30146 -0.803242  
SINGLE   TRP   CG   CD2   CE2   LG1   CH2   CH2   OH ### REMARK 7BYU_EDO.pdb_TRP79_EDO_Packing_score:-1.102886_Hbond_score:-1.376250
RT 0.865778 0.215593 0.451606 -0.313136 -0.470539 0.824948 0.390351 -0.855636 -0.339872 0.498042 5.74124 1.76211  
SINGLE   HIS   ND1   CE1   NE2   LG1   CH2   CH2   OH ### REMARK 7BYU_EDO.pdb_HIS22_EDO_Packing_score:-1.021625_Hbond_score:-0.279867
RT -0.944603 -0.0841779 -0.317236 0.128313 -0.98434 -0.120873 -0.302094 -0.154883 0.940612 -2.55576 4.3839 -0.854502  
SINGLE   TRP   CG   CD2   CE2   LG1   CH2   CH2   OH ### REMARK 7BYU_EDO.pdb_TRP79_EDO_Packing_score:-1.099292_Hbond_score:-1.104639
RT 0.930587 0.00857385 0.365972 -0.325374 -0.43875 0.837634 0.167752 -0.898568 -0.405506 0.638379 5.70236 1.96849  
