SINGLE   HIS   ND1   CE1   NE2   LG1   CH2   CH2   OH REMARK 7byu_EDO    HIS   ND1   CE1   NE2   LG1   CH2   CH2   OH
RT -0.857986 -0.332456 -0.391577 0.366479 -0.930334 -0.0131228 -0.359935 -0.154764 0.920052 -2.28505 4.30146 -0.803242  
SINGLE   HIS   ND1   CE1   NE2   LG1   OH   CH2   CH2 REMARK 7byu_EDO    HIS   ND1   CE1   NE2   LG1   OH   CH2   CH2
RT -0.750463 0.654739 -0.0901159 -0.572978 -0.576581 0.582452 0.329395 0.488743 0.807854 -3.58664 4.85741 -1.34927  
SINGLE   LEU   CD1   CG   CD2   LG1   OH   CH2   CH2 REMARK 7byu_EDO    LEU   CD1   CG   CD2   LG1   OH   CH2   CH2
RT -0.199865 0.924223 -0.325369 0.498709 0.381793 0.778154 0.843411 -0.00673862 -0.537226 4.58868 0.572428 1.65597  
SINGLE   TRP   CG   CD2   CE2   LG1   CH2   CH2   OH REMARK 7byu_EDO    TRP   CG   CD2   CE2   LG1   CH2   CH2   OH
RT 0.865778 0.215593 0.451606 -0.313136 -0.470539 0.824948 0.390351 -0.855636 -0.339872 0.498042 5.74124 1.76211  
SINGLE   HIS   ND1   CE1   NE2   LG1   CH2   CH2   OH REMARK 7byu_EDO    HIS   ND1   CE1   NE2   LG1   CH2   CH2   OH
RT -0.944603 -0.0841779 -0.317236 0.128313 -0.98434 -0.120873 -0.302094 -0.154883 0.940612 -2.55576 4.3839 -0.854502  
SINGLE   HIS   ND1   CE1   NE2   LG1   OH   CH2   CH2 REMARK 7byu_EDO    HIS   ND1   CE1   NE2   LG1   OH   CH2   CH2
RT -0.564876 0.80098 -0.198357 -0.757304 -0.407744 0.510132 0.327727 0.438378 0.836911 -3.9963 4.57958 -1.3152  
SINGLE   LEU   CD1   CG   CD2   LG1   OH   CH2   CH2 REMARK 7byu_EDO    LEU   CD1   CG   CD2   LG1   OH   CH2   CH2
RT 0.0421396 0.941735 -0.333706 0.536421 0.260455 0.802755 0.842898 -0.212835 -0.49419 4.43015 0.787872 2.11093  
SINGLE   TRP   CG   CD2   CE2   LG1   CH2   CH2   OH REMARK 7byu_EDO    TRP   CG   CD2   CE2   LG1   CH2   CH2   OH
RT 0.930587 0.00857385 0.365972 -0.325374 -0.43875 0.837634 0.167752 -0.898568 -0.405506 0.638379 5.70236 1.96849  
SINGLE   TRP   CG   CD2   CE2   LG1   OH   CH2   CH2 REMARK 7byu_EDO    TRP   CG   CD2   CE2   LG1   OH   CH2   CH2
RT 0.532248 -0.797785 0.283285 0.0495511 0.363403 0.930313 -0.845137 -0.481121 0.232952 2.05754 5.20616 2.22432  
SINGLE   HIS   ND1   CE1   NE2   LG1   CH2   CH2   OH REMARK 7byu_EDO    HIS   ND1   CE1   NE2   LG1   CH2   CH2   OH
RT -0.857986 -0.332456 -0.391577 0.366479 -0.930334 -0.0131228 -0.359935 -0.154764 0.920052 -2.28505 4.30146 -0.803242  
SINGLE   HIS   ND1   CE1   NE2   LG1   OH   CH2   CH2 REMARK 7byu_EDO    HIS   ND1   CE1   NE2   LG1   OH   CH2   CH2
RT -0.750463 0.654739 -0.0901159 -0.572978 -0.576581 0.582452 0.329395 0.488743 0.807854 -3.58664 4.85741 -1.34927  
SINGLE   LEU   CD1   CG   CD2   LG1   OH   CH2   CH2 REMARK 7byu_EDO    LEU   CD1   CG   CD2   LG1   OH   CH2   CH2
RT -0.199865 0.924223 -0.325369 0.498709 0.381793 0.778154 0.843411 -0.00673862 -0.537226 4.58868 0.572428 1.65597  
SINGLE   TRP   CG   CD2   CE2   LG1   CH2   CH2   OH REMARK 7byu_EDO    TRP   CG   CD2   CE2   LG1   CH2   CH2   OH
RT 0.865778 0.215593 0.451606 -0.313136 -0.470539 0.824948 0.390351 -0.855636 -0.339872 0.498042 5.74124 1.76211  
SINGLE   HIS   ND1   CE1   NE2   LG1   CH2   CH2   OH REMARK 7byu_EDO    HIS   ND1   CE1   NE2   LG1   CH2   CH2   OH
RT -0.944603 -0.0841779 -0.317236 0.128313 -0.98434 -0.120873 -0.302094 -0.154883 0.940612 -2.55576 4.3839 -0.854502  
SINGLE   HIS   ND1   CE1   NE2   LG1   OH   CH2   CH2 REMARK 7byu_EDO    HIS   ND1   CE1   NE2   LG1   OH   CH2   CH2
RT -0.564876 0.80098 -0.198357 -0.757304 -0.407744 0.510132 0.327727 0.438378 0.836911 -3.9963 4.57958 -1.3152  
SINGLE   LEU   CD1   CG   CD2   LG1   OH   CH2   CH2 REMARK 7byu_EDO    LEU   CD1   CG   CD2   LG1   OH   CH2   CH2
RT 0.0421396 0.941735 -0.333706 0.536421 0.260455 0.802755 0.842898 -0.212835 -0.49419 4.43015 0.787872 2.11093  
SINGLE   TRP   CG   CD2   CE2   LG1   CH2   CH2   OH REMARK 7byu_EDO    TRP   CG   CD2   CE2   LG1   CH2   CH2   OH
RT 0.930587 0.00857385 0.365972 -0.325374 -0.43875 0.837634 0.167752 -0.898568 -0.405506 0.638379 5.70236 1.96849  
SINGLE   TRP   CG   CD2   CE2   LG1   OH   CH2   CH2 REMARK 7byu_EDO    TRP   CG   CD2   CE2   LG1   OH   CH2   CH2
RT 0.532248 -0.797785 0.283285 0.0495511 0.363403 0.930313 -0.845137 -0.481121 0.232952 2.05754 5.20616 2.22432  
