SINGLE   VAL   CG1   CB   CG2   LG1   Ntrp   COO   aroC ### REMARK 7l1u_receptor_only_PV-006710095262_178_1.pdb_VAL66_PVX_Packing_score:-1.709021_Hbond_score:0.000000
RT 0.341471 0.575088 -0.743418 -0.255803 -0.704239 -0.662278 -0.904413 0.416318 -0.093368 2.0649 1.05465 6.4319  
SINGLE   GLN   OE1   CD   NE2   LG1   CH1   CH1   CH1 ### REMARK 7l1u_receptor_only_PV-006710095262_178_1.pdb_GLN86_PVX_Packing_score:-4.437427_Hbond_score:-0.990024
RT 0.323159 -0.932721 0.160001 0.444441 0.29885 0.844489 -0.835488 -0.201793 0.511115 -3.87724 1.14624 3.66258  
SINGLE   THR   OG1   CB   CG2   LG1   Oaro   CH1   CH1 ### REMARK 7l1u_receptor_only_PV-006710095262_178_1.pdb_THR87_PVX_Packing_score:-5.462075_Hbond_score:0.000000
RT -0.742934 -0.667752 -0.0464291 0.556937 -0.655138 0.510505 -0.371308 0.353414 0.85862 -2.53436 2.3825 -0.23776  
SINGLE   VAL   CG1   CB   CG2   LG1   OOC   COO   aroC ### REMARK 7l1u_receptor_only_PV-006710095262_178_1.pdb_VAL90_PVX_Packing_score:-2.804295_Hbond_score:0.000000
RT 0.444009 -0.263843 0.856296 0.499875 0.866064 0.0076562 -0.743627 0.424642 0.516428 1.29071 0.633621 3.66962  
SINGLE   GLN   OE1   CD   NE2   LG1   OH   CH1   CH1 ### REMARK 7l1u_receptor_only_PV-006710095262_178_1.pdb_GLN139_PVX_Packing_score:-1.777459_Hbond_score:0.000000
RT 0.220217 0.879266 -0.422369 -0.748193 0.430076 0.505215 0.625869 0.204756 0.752571 -0.0113137 2.22557 -3.7141  
SINGLE   PHE   CE1   CZ   CE2   LG1   CH1   aroC   aroC ### REMARK 7l1u_receptor_only_PV-006710095262_178_1.pdb_PHE170_PVX_Packing_score:-6.410968_Hbond_score:0.000000
RT -0.757338 -0.617955 0.211117 -0.56618 0.460272 -0.683805 0.32539 -0.637402 -0.698455 1.32956 -1.85114 0.292  
SINGLE   THR   OG1   CB   CG2   LG1   aroC   aroC   aroC ### REMARK 7l1u_receptor_only_PV-006710095262_178_1.pdb_THR174_PVX_Packing_score:-1.234539_Hbond_score:0.000000
RT -0.104064 0.587855 0.802245 0.104861 0.808614 -0.578919 -0.989027 0.0238792 -0.145791 2.07152 3.99853 -0.497263  
SINGLE   ILE   CG1   CB   CG2   LG1   OH   Phos   OH ### REMARK 7l1u_receptor_only_PV-006710095262_178_1.pdb_ILE223_PVX_Packing_score:-1.915503_Hbond_score:0.000000
RT -0.835058 0.526039 -0.161125 0.342462 0.2678 -0.900557 -0.430579 -0.807197 -0.403777 5.04145 -0.890154 4.28933  
SINGLE   ASN   OD1   CG   ND2   LG1   OH   Phos   OH ### REMARK 7l1u_receptor_only_PV-006710095262_178_1.pdb_ASN227_PVX_Packing_score:-8.571764_Hbond_score:0.000000
RT 0.650642 0.368898 -0.663761 -0.529908 0.846644 -0.0488964 0.543932 0.383547 0.746344 -0.662809 0.145248 0.338068  
SINGLE   ARG   NH1   CZ   NH2   LG1   OH   Phos   OH ### REMARK 7l1u_receptor_only_PV-006710095262_178_1.pdb_ARG231_PVX_Packing_score:-1.009847_Hbond_score:0.000000
RT 0.63764 0.29676 0.710879 -0.0693313 0.941181 -0.330713 -0.767208 0.161589 0.62071 -5.65983 -3.36477 -0.456498  
