SINGLE   PRO   CG   CD   NV   LG1   OOC   S   OOC ### REMARK 6tpn_trimmed_aligned.pdb_PRO131_NU8_Packing_score:-2.327178_Hbond_score:0.000000
RT -0.357053 -0.923154 0.14248 -0.801346 0.381106 0.461089 -0.479956 0.0504571 -0.87584 5.26761 4.46857 -0.516975  
SINGLE   GLN   OE1   CD   NE2   LG1   aroC   OH   CH3 ### REMARK 6tpn_trimmed_aligned.pdb_GLN134_NU8_Packing_score:-2.359861_Hbond_score:0.000000
RT 0.175587 -0.943871 0.279779 -0.00261172 0.283747 0.958896 -0.984461 -0.1691 0.047357 5.20588 -0.608734 0.259398  
SINGLE   THR   OG1   CB   CG2   LG1   OOC   S   OOC ### REMARK 6tpn_trimmed_aligned.pdb_THR135_NU8_Packing_score:-1.852425_Hbond_score:0.000000
RT 0.911474 0.385851 -0.142598 0.189728 -0.701904 -0.686538 -0.364991 0.598707 -0.712974 -1.49271 4.58249 1.06581  
SINGLE   VAL   CG1   CB   CG2   LG1   aroC   aroC   F ### REMARK 6tpn_trimmed_aligned.pdb_VAL138_NU8_Packing_score:-1.475379_Hbond_score:0.000000
RT 0.511512 0.810746 0.284686 0.20143 -0.435214 0.877505 0.835333 -0.39151 -0.385926 2.66409 3.10661 2.30346  
SINGLE   GLN   OE1   CD   NE2   LG1   OOC   S   OOC ### REMARK 6tpn_trimmed_aligned.pdb_GLN187_NU8_Packing_score:-1.586951_Hbond_score:0.000000
RT 0.0813387 -0.564855 0.821172 -0.475713 -0.746 -0.466026 0.875832 -0.352736 -0.329387 -3.52942 2.39518 -2.87774  
SINGLE   HIS   ND1   CE1   NE2   LG1   aroC   aroC   aroC ### REMARK 6tpn_trimmed_aligned.pdb_HIS224_NU8_Packing_score:-1.107371_Hbond_score:0.000000
RT -0.856976 0.0803095 0.509061 -0.462723 -0.55479 -0.691444 0.226892 -0.828105 0.512603 -0.323371 -3.29011 1.57451  
SINGLE   PHE   CE1   CZ   CE2   LG1   aroC   aroC   aroC ### REMARK 6tpn_trimmed_aligned.pdb_PHE227_NU8_Packing_score:-3.942958_Hbond_score:0.000000
RT -0.00472496 -0.970963 -0.239182 -0.972845 0.0598139 -0.223597 0.231411 0.231631 -0.944879 0.480214 0.641955 3.35092  
SINGLE   ILE   CG1   CB   CG2   LG1   aroC   aroC   F ### REMARK 6tpn_trimmed_aligned.pdb_ILE320_NU8_Packing_score:-2.419963_Hbond_score:0.000000
RT -0.734216 -0.132816 0.665798 0.644162 -0.446027 0.621382 0.214434 0.88511 0.413035 2.7656 3.18008 2.1379  
SINGLE   ASN   OD1   CG   ND2   LG1   aroC   Nhis   aroC ### REMARK 6tpn_trimmed_aligned.pdb_ASN324_NU8_Packing_score:-2.788307_Hbond_score:-0.182921
RT 0.181088 -0.686994 0.703737 0.935538 0.340996 0.0921467 -0.303276 0.641686 0.704459 -2.80829 2.52006 -0.671732  
SINGLE   HIS   ND1   CE1   NE2   LG1   Nhis   COO   ONH2 ### REMARK 6tpn_trimmed_aligned.pdb_HIS350_NU8_Packing_score:-1.070746_Hbond_score:0.000000
RT -0.225152 0.32488 0.918564 -0.968799 0.0256046 -0.246521 -0.103609 -0.945409 0.308979 -2.26439 -2.38012 2.87833  
