SINGLE   TRP   CG   CD2   CE2   LG1   OOC   S   OOC ### REMARK 7sr8_trimmed_aligned.pdb_TRP120_A6F_Packing_score:-1.639720_Hbond_score:0.000000
RT -0.148063 0.275743 -0.94976 0.988886 0.028149 -0.14599 -0.0135208 -0.960819 -0.276846 -5.14548 -2.61064 1.32811  
SINGLE   PRO   CG   CD   NV   LG1   OOC   S   OOC ### REMARK 7sr8_trimmed_aligned.pdb_PRO131_A6F_Packing_score:-1.512983_Hbond_score:0.000000
RT -0.795392 -0.593289 -0.123936 0.0166314 -0.225771 0.974039 -0.605868 0.772681 0.189443 3.60487 0.408287 4.41641  
SINGLE   GLN   OE1   CD   NE2   LG1   CH2   CH2   CH1 ### REMARK 7sr8_trimmed_aligned.pdb_GLN134_A6F_Packing_score:-4.397221_Hbond_score:0.000000
RT 0.816477 0.572809 0.0724909 -0.526895 0.687851 0.499241 0.236107 -0.445814 0.863425 3.92465 0.18395 0.853261  
SINGLE   THR   OG1   CB   CG2   LG1   CH2   Nhis   CH1 ### REMARK 7sr8_trimmed_aligned.pdb_THR135_A6F_Packing_score:-1.904033_Hbond_score:0.000000
RT 0.885354 0.295388 -0.359018 -0.441238 0.290562 -0.849048 -0.146482 0.910121 0.387587 -3.16048 5.35363 -0.299306  
SINGLE   VAL   CG1   CB   CG2   LG1   aroC   aroC   aroC ### REMARK 7sr8_trimmed_aligned.pdb_VAL138_A6F_Packing_score:-3.097486_Hbond_score:0.000000
RT -0.633496 0.610966 0.474766 0.290608 -0.380796 0.877805 0.717098 0.694057 0.063681 3.27367 1.81328 2.22339  
SINGLE   PHE   CE1   CZ   CE2   LG1   aroC   aroC   aroC ### REMARK 7sr8_trimmed_aligned.pdb_PHE227_A6F_Packing_score:-1.251650_Hbond_score:0.000000
RT 0.23197 -0.162209 0.959103 -0.223229 -0.96856 -0.109818 0.946762 -0.188625 -0.260886 -3.75646 -0.616993 -0.711121  
SINGLE   ILE   CG1   CB   CG2   LG1   aroC   aroC   aroC ### REMARK 7sr8_trimmed_aligned.pdb_ILE320_A6F_Packing_score:-2.471678_Hbond_score:0.000000
RT 0.917391 -0.0563731 -0.393975 -0.397842 -0.156619 -0.903987 -0.0107434 0.986049 -0.166108 2.16163 4.43692 -0.845399  
SINGLE   ASN   OD1   CG   ND2   LG1   ONH2   COO   OH ### REMARK 7sr8_trimmed_aligned.pdb_ASN324_A6F_Packing_score:-1.457010_Hbond_score:0.000000
RT 0.46759 -0.281964 0.837769 -0.533278 -0.845841 0.0129616 0.704964 -0.452824 -0.545872 -1.73626 5.00879 -1.05955  
SINGLE   HIS   ND1   CE1   NE2   LG1   ONH2   COO   OH ### REMARK 7sr8_trimmed_aligned.pdb_HIS350_A6F_Packing_score:-2.110688_Hbond_score:-0.046903
RT -0.706752 0.380304 -0.596549 0.607667 -0.105465 -0.787158 -0.362275 -0.918829 -0.156561 -4.77886 2.50012 1.37137  
