SINGLE   THR   OG1   CB   CG2   LG1   Nhis   aroC   CH3 ### REMARK 7xrr_trimmed_aligned.pdb_THR111_NRK_Packing_score:-2.328819_Hbond_score:0.000000
RT 0.196994 -0.683791 -0.702584 -0.0330798 -0.720854 0.692297 -0.979846 -0.113137 -0.164624 1.67774 3.18734 3.04627  
SINGLE   VAL   CG1   CB   CG2   LG1   Nhis   aroC   CH3 ### REMARK 7xrr_trimmed_aligned.pdb_VAL114_NRK_Packing_score:-1.104781_Hbond_score:0.000000
RT 0.929155 0.0244038 -0.368885 0.360511 0.161173 0.918725 0.0818748 -0.986624 0.140957 1.62019 -0.652072 4.90627  
SINGLE   PRO   CG   CD   NV   LG1   aroC   aroC   aroC ### REMARK 7xrr_trimmed_aligned.pdb_PRO131_NRK_Packing_score:-2.888273_Hbond_score:0.000000
RT 0.635698 -0.570801 0.519686 0.596966 0.790336 0.137843 -0.489408 0.222608 0.843164 2.55084 -0.367209 3.51002  
SINGLE   GLN   OE1   CD   NE2   LG1   Ntrp   aroC   Nhis ### REMARK 7xrr_trimmed_aligned.pdb_GLN134_NRK_Packing_score:-4.709799_Hbond_score:-1.022768
RT 0.275263 -0.924759 -0.262774 0.651091 -0.0217807 0.758687 -0.707326 -0.379929 0.596107 3.25666 -2.08837 2.25506  
SINGLE   THR   OG1   CB   CG2   LG1   CH1   CH1   COO ### REMARK 7xrr_trimmed_aligned.pdb_THR135_NRK_Packing_score:-1.101923_Hbond_score:0.000000
RT -0.936212 0.172467 0.306206 0.313607 0.803233 0.506426 -0.158613 0.57015 -0.806084 -2.00913 4.79441 0.556509  
SINGLE   PHE   CE1   CZ   CE2   LG1   aroC   aroC   aroC ### REMARK 7xrr_trimmed_aligned.pdb_PHE227_NRK_Packing_score:-1.668002_Hbond_score:0.000000
RT -0.49029 -0.765313 0.417027 -0.519837 -0.127275 -0.844731 0.699561 -0.630949 -0.335436 2.40865 -2.96572 -1.53117  
SINGLE   ILE   CG1   CB   CG2   LG1   aroC   aroC   F ### REMARK 7xrr_trimmed_aligned.pdb_ILE320_NRK_Packing_score:-3.221291_Hbond_score:0.000000
RT -0.486209 -0.676194 -0.5535 -0.141962 0.686118 -0.713505 0.862234 -0.268337 -0.429591 4.03426 3.15521 0.0567734  
SINGLE   ASN   OD1   CG   ND2   LG1   aroC   aroC   aroC ### REMARK 7xrr_trimmed_aligned.pdb_ASN324_NRK_Packing_score:-1.495523_Hbond_score:0.000000
RT -0.153847 0.987691 0.0282572 -0.222173 -0.00671296 -0.974984 -0.962793 -0.156276 0.220471 -0.258258 -1.1848 -3.95756  
SINGLE   HIS   ND1   CE1   NE2   LG1   aroC   aroC   aroC ### REMARK 7xrr_trimmed_aligned.pdb_HIS350_NRK_Packing_score:-4.549372_Hbond_score:0.000000
RT 0.989089 -0.0497308 0.138668 -0.0577125 -0.996864 0.0541431 0.135541 -0.0615553 -0.988858 -1.01068 1.60825 3.36086  
