SINGLE   THR   OG1   CB   CG2   LG1   aroC   aroC   OH ### REMARK 5wqc_trimmed_aligned.pdb_THR111_7MA_Packing_score:-1.252713_Hbond_score:0.000000
RT -0.213749 -0.916522 0.338082 0.141003 -0.371402 -0.917703 0.966659 -0.148487 0.208619 2.71981 4.22982 -0.947736  
SINGLE   PRO   CG   CD   NV   LG1   OOC   S   Nhis ### REMARK 5wqc_trimmed_aligned.pdb_PRO131_7MA_Packing_score:-2.461764_Hbond_score:0.000000
RT -0.763572 0.454605 0.458576 0.55028 0.8297 0.0937537 -0.337859 0.323933 -0.883696 5.18737 2.48898 0.771259  
SINGLE   GLN   OE1   CD   NE2   LG1   Nhis   aroC   OH ### REMARK 5wqc_trimmed_aligned.pdb_GLN134_7MA_Packing_score:-2.692067_Hbond_score:0.000000
RT -0.568709 0.388352 -0.725088 0.0855466 0.90467 0.417437 0.818078 0.175372 -0.547716 -1.27287 -1.29187 -4.50504  
SINGLE   VAL   CG1   CB   CG2   LG1   aroC   Nhis   aroC ### REMARK 5wqc_trimmed_aligned.pdb_VAL138_7MA_Packing_score:-1.128462_Hbond_score:0.000000
RT 0.880387 0.459041 -0.119164 -0.183445 0.0979074 -0.978142 -0.43734 0.883004 0.170405 1.45738 3.5275 2.51363  
SINGLE   GLN   OE1   CD   NE2   LG1   Nhis   CH2   CH3 ### REMARK 5wqc_trimmed_aligned.pdb_GLN187_7MA_Packing_score:-1.145048_Hbond_score:0.000000
RT 0.165267 0.323538 0.931671 0.694657 0.632391 -0.342832 -0.700099 0.70385 -0.120234 1.72226 1.45092 -4.186  
SINGLE   MET   CG   SD   CE   LG1   OOC   S   Nhis ### REMARK 5wqc_trimmed_aligned.pdb_MET191_7MA_Packing_score:-1.012428_Hbond_score:0.000000
RT -0.132923 -0.886222 -0.443781 -0.546941 -0.307817 0.778527 -0.826551 0.346207 -0.443795 -2.05144 1.64464 4.68584  
SINGLE   PHE   CE1   CZ   CE2   LG1   aroC   aroC   aroC ### REMARK 5wqc_trimmed_aligned.pdb_PHE227_7MA_Packing_score:-3.330017_Hbond_score:0.000000
RT -0.729138 -0.423973 -0.53722 -0.0238066 -0.768799 0.639047 -0.683953 0.478743 0.550467 3.41481 -2.58755 -1.40971  
SINGLE   ILE   CG1   CB   CG2   LG1   aroC   Nhis   aroC ### REMARK 5wqc_trimmed_aligned.pdb_ILE320_7MA_Packing_score:-4.886912_Hbond_score:0.000000
RT -0.840094 0.354888 0.41024 0.224836 -0.460446 0.858742 0.493651 0.813661 0.307027 2.47374 4.40736 -0.450713  
SINGLE   ASN   OD1   CG   ND2   LG1   CH2   aroC   aroC ### REMARK 5wqc_trimmed_aligned.pdb_ASN324_7MA_Packing_score:-2.544760_Hbond_score:0.000000
RT 0.681749 0.725543 -0.0938397 0.151612 -0.0146328 0.988332 0.715704 -0.688021 -0.119977 -1.23953 -0.232346 -4.57747  
SINGLE   HIS   ND1   CE1   NE2   LG1   aroC   aroC   OH ### REMARK 5wqc_trimmed_aligned.pdb_HIS350_7MA_Packing_score:-3.050205_Hbond_score:0.000000
RT -0.589148 0.757913 0.28013 -0.781836 -0.447149 -0.434501 -0.204054 -0.475001 0.856 1.34389 2.45739 3.60364  
SINGLE   VAL   CG1   CB   CG2   LG1   CH3   OH   aroC ### REMARK 5wqc_trimmed_aligned.pdb_VAL353_7MA_Packing_score:-1.124337_Hbond_score:0.000000
RT 0.259868 0.376001 0.889434 0.0526412 0.914192 -0.401848 -0.964208 0.151248 0.217776 0.777041 -0.616557 4.88658  
SINGLE   TYR   CE1   CZ   CE2   LG1   CH3   OH   aroC ### REMARK 5wqc_trimmed_aligned.pdb_TYR354_7MA_Packing_score:-1.458683_Hbond_score:0.000000
RT 0.956913 0.0127478 0.290096 0.202717 -0.744621 -0.63596 0.207905 0.667366 -0.715121 -2.56688 -0.0572245 3.1099  
