SINGLE   MET   CG   SD   CE   LG1   CH2   OH   CH2 ### REMARK 7BYU_1PG.pdb_MET6_1PG_Packing_score:-1.152561_Hbond_score:0.000000
RT 0.551073 0.787032 0.277307 0.192488 0.203463 -0.959974 -0.811953 0.582394 -0.0393714 -3.26858 -2.96053 -0.216746  
SINGLE   TRP   CG   CD2   CE2   LG1   OH   CH2   CH2 ### REMARK 7BYU_1PG.pdb_TRP56_1PG_Packing_score:-1.359313_Hbond_score:0.000000
RT -0.417615 -0.15489 0.895325 -0.796317 0.536927 -0.278547 -0.43758 -0.829288 -0.34757 -4.84397 2.91471 3.17933  
SINGLE   TYR   CE1   CZ   CE2   LG1   CH2   OH   CH2 ### REMARK 7BYU_1PG.pdb_TYR63_1PG_Packing_score:-1.180011_Hbond_score:0.000000
RT 0.53525 -0.0847809 -0.840428 -0.524318 0.746727 -0.409255 0.662267 0.659706 0.355234 -3.50691 -1.50682 -3.01392  
SINGLE   TRP   CG   CD2   CE2   LG1   CH2   CH2   OH ### REMARK 7BYU_1PG.pdb_TRP80_1PG_Packing_score:-3.848650_Hbond_score:0.000000
RT -0.192681 -0.867582 0.458449 -0.905164 0.337544 0.258346 -0.378883 -0.365193 -0.850342 -1.1393 2.08129 3.8662  
SINGLE   HIS   ND1   CE1   NE2   LG1   CH2   OH   CH2 ### REMARK 7BYU_1PG.pdb_HIS98_1PG_Packing_score:-2.365999_Hbond_score:0.000000
RT 0.682163 0.249028 -0.687487 -0.440877 0.890168 -0.115018 0.583336 0.381558 0.71703 1.8488 3.8809 2.64777  
SINGLE   TRP   CG   CD2   CE2   LG1   CH2   OH   CH2 ### REMARK 7BYU_1PG.pdb_TRP99_1PG_Packing_score:-2.507718_Hbond_score:0.000000
RT -0.0224202 -0.985127 0.170362 0.371731 -0.166401 -0.913305 0.92807 0.0428522 0.369933 3.76354 3.50699 -2.8667  
SINGLE   MET   CG   SD   CE   LG1   CH2   OH   CH2 ### REMARK 7BYU_1PG.pdb_MET6_1PG_Packing_score:-1.150682_Hbond_score:0.000000
RT 0.0473 -0.242559 0.968983 0.60094 0.781789 0.166366 -0.797894 0.574431 0.182742 -3.17264 -2.80893 1.52141  
SINGLE   TRP   CG   CD2   CE2   LG1   CH2   OH   CH2 ### REMARK 7BYU_1PG.pdb_TRP56_1PG_Packing_score:-1.507826_Hbond_score:0.000000
RT 0.479831 0.689416 0.542649 -0.818978 0.573804 -0.00482561 -0.314701 -0.442102 0.839946 -5.36895 2.92293 3.075  
SINGLE   TYR   CE1   CZ   CE2   LG1   CH2   CH2   OH ### REMARK 7BYU_1PG.pdb_TYR63_1PG_Packing_score:-1.111488_Hbond_score:0.000000
RT 0.103273 -0.877872 -0.467627 -0.783297 0.21797 -0.582181 0.613009 0.426415 -0.665124 -3.21776 -0.924466 -2.93396  
SINGLE   MET   CG   SD   CE   LG1   CH2   CH2   OH ### REMARK 7BYU_1PG.pdb_MET67_1PG_Packing_score:-1.745676_Hbond_score:0.000000
RT -0.711823 0.509832 -0.483094 0.0659024 -0.636299 -0.768622 -0.699261 -0.57896 0.419333 1.54147 -3.28382 -1.73026  
SINGLE   TRP   CG   CD2   CE2   LG1   OH   CH2   CH2 ### REMARK 7BYU_1PG.pdb_TRP80_1PG_Packing_score:-4.361040_Hbond_score:0.000000
RT 0.59989 0.297888 0.74256 -0.714973 0.61614 0.330431 -0.359089 -0.729133 0.582598 -1.72666 2.31232 3.8947  
SINGLE   HIS   ND1   CE1   NE2   LG1   CH2   OH   CH2 ### REMARK 7BYU_1PG.pdb_HIS98_1PG_Packing_score:-2.494586_Hbond_score:0.000000
RT 0.222337 0.742984 0.631301 -0.97446 0.190291 0.119239 -0.0315386 -0.641689 0.766316 1.26005 5.37978 2.53247  
SINGLE   TRP   CG   CD2   CE2   LG1   CH2   CH2   OH ### REMARK 7BYU_1PG.pdb_TRP99_1PG_Packing_score:-2.311718_Hbond_score:0.000000
RT 0.607075 0.295287 0.737744 -0.199317 -0.842133 0.501084 0.769241 -0.451241 -0.452382 2.89093 4.01821 -3.12115  
SINGLE   HIS   ND1   CE1   NE2   LG1   CH2   CH2   OH ### REMARK 7BYU_1PG.pdb_HIS101_1PG_Packing_score:-1.117938_Hbond_score:0.000000
RT 0.52764 0.701541 -0.478995 -0.21935 0.657275 0.721024 0.820659 -0.275374 0.500687 -4.49006 1.10886 -0.519598  
