SINGLE   MET   CG   SD   CE   LG1   CH1   OH   CH1 REMARK 7byu_1PG    MET   CG   SD   CE   LG1   CH1   OH   CH1
RT 0.551073 0.787032 0.277307 0.192488 0.203463 -0.959974 -0.811953 0.582394 -0.0393714 -3.26858 -2.96053 -0.216746  
SINGLE   TRP   CG   CD2   CE2   LG1   OH   CH1   CH1 REMARK 7byu_1PG    TRP   CG   CD2   CE2   LG1   OH   CH1   CH1
RT -0.417615 -0.15489 0.895325 -0.796317 0.536927 -0.278547 -0.43758 -0.829288 -0.34757 -4.84397 2.91471 3.17933  
SINGLE   TRP   CG   CD2   CE2   LG1   OH   CH1   CH1 REMARK 7byu_1PG    TRP   CG   CD2   CE2   LG1   OH   CH1   CH1
RT -0.894389 0.428201 0.129275 0.447281 0.854445 0.264317 0.00272234 0.294225 -0.955732 -6.28412 -0.449504 2.70548  
SINGLE   TYR   CE1   CZ   CE2   LG1   CH1   OH   CH1 REMARK 7byu_1PG    TYR   CE1   CZ   CE2   LG1   CH1   OH   CH1
RT 0.53525 -0.0847809 -0.840428 -0.524318 0.746727 -0.409255 0.662267 0.659706 0.355234 -3.50691 -1.50682 -3.01392  
SINGLE   TRP   CG   CD2   CE2   LG1   CH1   OH   CH1 REMARK 7byu_1PG    TRP   CG   CD2   CE2   LG1   CH1   OH   CH1
RT -0.232531 -0.793565 -0.562302 0.759204 -0.509464 0.405038 -0.607896 -0.332718 0.720944 -1.1079 -0.381007 4.14029  
SINGLE   TRP   CG   CD2   CE2   LG1   OH   CH1   CH1 REMARK 7byu_1PG    TRP   CG   CD2   CE2   LG1   OH   CH1   CH1
RT -0.199028 -0.680682 -0.705025 -0.976851 0.0802287 0.198305 -0.0784198 0.728172 -0.680893 -1.915 4.34135 3.6747  
SINGLE   HIS   ND1   CE1   NE2   LG1   OH   CH1   CH1 REMARK 7byu_1PG    HIS   ND1   CE1   NE2   LG1   OH   CH1   CH1
RT -0.682163 0.576742 -0.449468 0.440877 -0.165968 -0.88209 -0.583336 -0.799889 -0.141055 2.81209 3.25833 3.4715  
SINGLE   HIS   ND1   CE1   NE2   LG1   CH1   OH   CH1 REMARK 7byu_1PG    HIS   ND1   CE1   NE2   LG1   CH1   OH   CH1
RT -0.0326366 -0.984513 -0.172245 -0.995091 0.0158986 0.0976749 -0.0934238 0.174587 -0.9802 5.29312 3.45939 3.35071  
SINGLE   TRP   CG   CD2   CE2   LG1   CH1   CH1   OH REMARK 7byu_1PG    TRP   CG   CD2   CE2   LG1   CH1   CH1   OH
RT -0.8239 0.070446 -0.562339 -0.540741 -0.394771 0.742802 -0.169668 0.916075 0.363345 4.99917 4.8622 -1.29873  
SINGLE   TRP   CG   CD2   CE2   LG1   CH1   OH   CH1 REMARK 7byu_1PG    TRP   CG   CD2   CE2   LG1   CH1   OH   CH1
RT -0.89408 -0.144158 0.424075 0.249969 -0.946226 0.205356 0.371667 0.289611 0.882037 3.82393 1.20244 -4.20284  
SINGLE   MET   CG   SD   CE   LG1   CH1   OH   CH1 REMARK 7byu_1PG    MET   CG   SD   CE   LG1   CH1   OH   CH1
RT 0.0473 -0.242559 0.968983 0.60094 0.781789 0.166366 -0.797894 0.574431 0.182742 -3.17264 -2.80893 1.52141  
SINGLE   TRP   CG   CD2   CE2   LG1   CH1   OH   CH1 REMARK 7byu_1PG    TRP   CG   CD2   CE2   LG1   CH1   OH   CH1
RT 0.479831 0.689416 0.542649 -0.818978 0.573804 -0.00482561 -0.314701 -0.442102 0.839946 -5.36895 2.92293 3.075  
SINGLE   TYR   CE1   CZ   CE2   LG1   CH1   CH1   OOC REMARK 7byu_1PG    TYR   CE1   CZ   CE2   LG1   CH1   CH1   OOC
RT 0.103273 -0.877872 -0.467627 -0.783297 0.21797 -0.582181 0.613009 0.426415 -0.665124 -3.21776 -0.924466 -2.93396  
SINGLE   MET   CG   SD   CE   LG1   CH1   CH1   OOC REMARK 7byu_1PG    MET   CG   SD   CE   LG1   CH1   CH1   OOC
RT -0.711823 0.509832 -0.483094 0.0659024 -0.636299 -0.768622 -0.699261 -0.57896 0.419333 1.54147 -3.28382 -1.73026  
SINGLE   TRP   CG   CD2   CE2   LG1   OH   CH1   CH1 REMARK 7byu_1PG    TRP   CG   CD2   CE2   LG1   OH   CH1   CH1
RT -0.00548365 -0.74839 -0.663236 0.86221 -0.339492 0.375952 -0.506522 -0.569787 0.647131 -0.874216 0.0910248 4.10255  
SINGLE   TRP   CG   CD2   CE2   LG1   CH1   OH   CH1 REMARK 7byu_1PG    TRP   CG   CD2   CE2   LG1   CH1   OH   CH1
RT 0.777145 0.20963 -0.593381 -0.594166 -0.0663233 -0.801603 -0.207395 0.975529 0.0730125 -2.73755 4.42997 3.356  
SINGLE   TRP   CG   CD2   CE2   LG1   CH1   OH   CH1 REMARK 7byu_1PG    TRP   CG   CD2   CE2   LG1   CH1   OH   CH1
RT 0.927099 -0.370922 -0.0538847 -0.312921 -0.845099 0.433461 -0.206318 -0.385 -0.89956 -3.24257 -0.461133 3.88961  
SINGLE   TRP   CG   CD2   CE2   LG1   OH   CH1   CH1 REMARK 7byu_1PG    TRP   CG   CD2   CE2   LG1   OH   CH1   CH1
RT 0.737628 0.277865 0.615383 0.624494 -0.627294 -0.465306 0.256734 0.727526 -0.636234 -4.28269 -1.34172 3.52759  
SINGLE   HIS   ND1   CE1   NE2   LG1   CH1   CH1   OH REMARK 7byu_1PG    HIS   ND1   CE1   NE2   LG1   CH1   CH1   OH
RT -0.669341 0.705502 0.232913 0.267949 0.521628 -0.810004 -0.692954 -0.47976 -0.538187 2.60174 3.59541 3.55283  
SINGLE   TRP   CG   CD2   CE2   LG1   OH   CH1   CH1 REMARK 7byu_1PG    TRP   CG   CD2   CE2   LG1   OH   CH1   CH1
RT 0.153255 -0.592755 -0.790667 0.804767 0.539192 -0.248238 0.573466 -0.598259 0.559663 3.82018 3.71312 -1.94367  
SINGLE   TRP   CG   CD2   CE2   LG1   CH1   CH1   OH REMARK 7byu_1PG    TRP   CG   CD2   CE2   LG1   CH1   CH1   OH
RT -0.425078 0.781386 0.456885 0.66219 -0.0756706 0.745505 0.6171 0.619443 -0.48526 3.45358 0.693943 -4.5353  
SINGLE   HIS   ND1   CE1   NE2   LG1   CH1   CH1   OOC REMARK 7byu_1PG    HIS   ND1   CE1   NE2   LG1   CH1   CH1   OOC
RT 0.52764 0.701541 -0.478995 -0.21935 0.657275 0.721024 0.820659 -0.275374 0.500687 -4.49006 1.10886 -0.519598  
SINGLE   MET   CG   SD   CE   LG1   CH1   OH   CH1 REMARK 7byu_1PG    MET   CG   SD   CE   LG1   CH1   OH   CH1
RT 0.551073 0.787032 0.277307 0.192488 0.203463 -0.959974 -0.811953 0.582394 -0.0393714 -3.26858 -2.96053 -0.216746  
SINGLE   TRP   CG   CD2   CE2   LG1   OH   CH1   CH1 REMARK 7byu_1PG    TRP   CG   CD2   CE2   LG1   OH   CH1   CH1
RT -0.417615 -0.15489 0.895325 -0.796317 0.536927 -0.278547 -0.43758 -0.829288 -0.34757 -4.84397 2.91471 3.17933  
SINGLE   TRP   CG   CD2   CE2   LG1   OH   CH1   CH1 REMARK 7byu_1PG    TRP   CG   CD2   CE2   LG1   OH   CH1   CH1
RT -0.894389 0.428201 0.129275 0.447281 0.854445 0.264317 0.00272234 0.294225 -0.955732 -6.28412 -0.449504 2.70548  
SINGLE   TYR   CE1   CZ   CE2   LG1   CH1   OH   CH1 REMARK 7byu_1PG    TYR   CE1   CZ   CE2   LG1   CH1   OH   CH1
RT 0.53525 -0.0847809 -0.840428 -0.524318 0.746727 -0.409255 0.662267 0.659706 0.355234 -3.50691 -1.50682 -3.01392  
SINGLE   TRP   CG   CD2   CE2   LG1   CH1   OH   CH1 REMARK 7byu_1PG    TRP   CG   CD2   CE2   LG1   CH1   OH   CH1
RT -0.232531 -0.793565 -0.562302 0.759204 -0.509464 0.405038 -0.607896 -0.332718 0.720944 -1.1079 -0.381007 4.14029  
SINGLE   TRP   CG   CD2   CE2   LG1   OH   CH1   CH1 REMARK 7byu_1PG    TRP   CG   CD2   CE2   LG1   OH   CH1   CH1
RT -0.199028 -0.680682 -0.705025 -0.976851 0.0802287 0.198305 -0.0784198 0.728172 -0.680893 -1.915 4.34135 3.6747  
SINGLE   HIS   ND1   CE1   NE2   LG1   OH   CH1   CH1 REMARK 7byu_1PG    HIS   ND1   CE1   NE2   LG1   OH   CH1   CH1
RT -0.682163 0.576742 -0.449468 0.440877 -0.165968 -0.88209 -0.583336 -0.799889 -0.141055 2.81209 3.25833 3.4715  
SINGLE   HIS   ND1   CE1   NE2   LG1   CH1   OH   CH1 REMARK 7byu_1PG    HIS   ND1   CE1   NE2   LG1   CH1   OH   CH1
RT -0.0326366 -0.984513 -0.172245 -0.995091 0.0158986 0.0976749 -0.0934238 0.174587 -0.9802 5.29312 3.45939 3.35071  
SINGLE   TRP   CG   CD2   CE2   LG1   CH1   CH1   OH REMARK 7byu_1PG    TRP   CG   CD2   CE2   LG1   CH1   CH1   OH
RT -0.8239 0.070446 -0.562339 -0.540741 -0.394771 0.742802 -0.169668 0.916075 0.363345 4.99917 4.8622 -1.29873  
SINGLE   TRP   CG   CD2   CE2   LG1   CH1   OH   CH1 REMARK 7byu_1PG    TRP   CG   CD2   CE2   LG1   CH1   OH   CH1
RT -0.89408 -0.144158 0.424075 0.249969 -0.946226 0.205356 0.371667 0.289611 0.882037 3.82393 1.20244 -4.20284  
SINGLE   MET   CG   SD   CE   LG1   CH1   OH   CH1 REMARK 7byu_1PG    MET   CG   SD   CE   LG1   CH1   OH   CH1
RT 0.0473 -0.242559 0.968983 0.60094 0.781789 0.166366 -0.797894 0.574431 0.182742 -3.17264 -2.80893 1.52141  
SINGLE   TRP   CG   CD2   CE2   LG1   CH1   OH   CH1 REMARK 7byu_1PG    TRP   CG   CD2   CE2   LG1   CH1   OH   CH1
RT 0.479831 0.689416 0.542649 -0.818978 0.573804 -0.00482561 -0.314701 -0.442102 0.839946 -5.36895 2.92293 3.075  
SINGLE   TYR   CE1   CZ   CE2   LG1   CH1   CH1   OOC REMARK 7byu_1PG    TYR   CE1   CZ   CE2   LG1   CH1   CH1   OOC
RT 0.103273 -0.877872 -0.467627 -0.783297 0.21797 -0.582181 0.613009 0.426415 -0.665124 -3.21776 -0.924466 -2.93396  
SINGLE   MET   CG   SD   CE   LG1   CH1   CH1   OOC REMARK 7byu_1PG    MET   CG   SD   CE   LG1   CH1   CH1   OOC
RT -0.711823 0.509832 -0.483094 0.0659024 -0.636299 -0.768622 -0.699261 -0.57896 0.419333 1.54147 -3.28382 -1.73026  
SINGLE   TRP   CG   CD2   CE2   LG1   OH   CH1   CH1 REMARK 7byu_1PG    TRP   CG   CD2   CE2   LG1   OH   CH1   CH1
RT -0.00548365 -0.74839 -0.663236 0.86221 -0.339492 0.375952 -0.506522 -0.569787 0.647131 -0.874216 0.0910248 4.10255  
SINGLE   TRP   CG   CD2   CE2   LG1   CH1   OH   CH1 REMARK 7byu_1PG    TRP   CG   CD2   CE2   LG1   CH1   OH   CH1
RT 0.777145 0.20963 -0.593381 -0.594166 -0.0663233 -0.801603 -0.207395 0.975529 0.0730125 -2.73755 4.42997 3.356  
SINGLE   TRP   CG   CD2   CE2   LG1   CH1   OH   CH1 REMARK 7byu_1PG    TRP   CG   CD2   CE2   LG1   CH1   OH   CH1
RT 0.927099 -0.370922 -0.0538847 -0.312921 -0.845099 0.433461 -0.206318 -0.385 -0.89956 -3.24257 -0.461133 3.88961  
SINGLE   TRP   CG   CD2   CE2   LG1   OH   CH1   CH1 REMARK 7byu_1PG    TRP   CG   CD2   CE2   LG1   OH   CH1   CH1
RT 0.737628 0.277865 0.615383 0.624494 -0.627294 -0.465306 0.256734 0.727526 -0.636234 -4.28269 -1.34172 3.52759  
SINGLE   HIS   ND1   CE1   NE2   LG1   CH1   CH1   OH REMARK 7byu_1PG    HIS   ND1   CE1   NE2   LG1   CH1   CH1   OH
RT -0.669341 0.705502 0.232913 0.267949 0.521628 -0.810004 -0.692954 -0.47976 -0.538187 2.60174 3.59541 3.55283  
SINGLE   TRP   CG   CD2   CE2   LG1   OH   CH1   CH1 REMARK 7byu_1PG    TRP   CG   CD2   CE2   LG1   OH   CH1   CH1
RT 0.153255 -0.592755 -0.790667 0.804767 0.539192 -0.248238 0.573466 -0.598259 0.559663 3.82018 3.71312 -1.94367  
SINGLE   TRP   CG   CD2   CE2   LG1   CH1   CH1   OH REMARK 7byu_1PG    TRP   CG   CD2   CE2   LG1   CH1   CH1   OH
RT -0.425078 0.781386 0.456885 0.66219 -0.0756706 0.745505 0.6171 0.619443 -0.48526 3.45358 0.693943 -4.5353  
SINGLE   HIS   ND1   CE1   NE2   LG1   CH1   CH1   OOC REMARK 7byu_1PG    HIS   ND1   CE1   NE2   LG1   CH1   CH1   OOC
RT 0.52764 0.701541 -0.478995 -0.21935 0.657275 0.721024 0.820659 -0.275374 0.500687 -4.49006 1.10886 -0.519598  
