SINGLE   PRO   CG   CD   NV   LG1   OOC   S   OOC ### REMARK 6H12_MES.pdb_PRO485_MES_Packing_score:-1.726017_Hbond_score:0.000000
RT -0.480277 -0.241394 0.843245 -0.357455 0.931793 0.0631511 -0.800974 -0.271092 -0.533806 1.5384 1.18863 4.86447  
SINGLE   PRO   CG   CD   NV   LG1   OOC   S   OOC ### REMARK 4GNZ_SO4.pdb_PRO641_SO4_Packing_score:-1.343498_Hbond_score:0.000000
RT 0.067149 0.760073 -0.646359 -0.943496 0.259072 0.206633 0.32451 0.595961 0.734523 0.625456 -3.76768 1.60672  
SINGLE   PRO   CG   CD   NV   LG1   OOC   S   OOC ### REMARK 6VLH_SO4.pdb_PRO109_SO4_Packing_score:-1.353198_Hbond_score:0.000000
RT -0.616075 0.180719 0.766676 -0.766635 -0.361091 -0.530927 0.180891 -0.914852 0.361005 3.93459 2.72937 1.94449  
SINGLE   PRO   CG   CD   NV   LG1   OOC   S   OOC ### REMARK 5C0A_SO4.pdb_PRO20_SO4_Packing_score:-1.235985_Hbond_score:0.000000
RT 0.543797 0.0129121 0.839118 0.73755 0.469679 -0.485202 -0.400381 0.882743 0.245886 -0.691086 0.64213 3.94432  
SINGLE   PRO   CG   CD   NV   LG1   OH   S   OOC ### REMARK 7N2W_05G.pdb_PRO125_05G_Packing_score:-2.497367_Hbond_score:0.000000
RT 0.0537695 -0.185639 -0.981146 0.795419 -0.586043 0.154474 -0.60367 -0.788728 0.116149 1.16386 -3.53563 -1.41124  
SINGLE   PRO   CG   CD   NV   LG1   OOC   S   OOC ### REMARK 3R0X_SO4.pdb_PRO282_SO4_Packing_score:-1.189745_Hbond_score:0.000000
RT 0.982424 0.0601962 0.176691 0.156467 0.250611 -0.95536 -0.10179 0.966215 0.236787 -1.79858 -3.24659 -0.49056  
SINGLE   PRO   CG   CD   NV   LG1   OOC   S   OOC ### REMARK 3GGS_SO4.pdb_PRO283_SO4_Packing_score:-1.269255_Hbond_score:0.000000
RT 0.182925 -0.930574 -0.317129 -0.949602 -0.250761 0.188081 -0.254547 0.266742 -0.929545 3.59532 2.61666 2.65776  
SINGLE   PRO   CG   CD   NV   LG1   OOC   S   OOC ### REMARK 3G7W_SO4.pdb_PRO254_SO4_Packing_score:-1.283144_Hbond_score:0.000000
RT -0.151897 0.262217 0.952979 0.748809 -0.598801 0.284117 0.645146 0.756756 -0.105394 3.47564 -3.0264 1.29809  
SINGLE   PRO   CG   CD   NV   LG1   OOC   S   OOC ### REMARK 1NHC_SO4.pdb_PRO61_SO4_Packing_score:-1.287893_Hbond_score:0.000000
RT 0.744318 0.482592 -0.461623 0.270507 -0.849855 -0.452296 -0.610587 0.21178 -0.763107 2.22757 -3.47374 1.707  
SINGLE   PRO   CG   CD   NV   LG1   OOC   S   OOC ### REMARK 1S3D_SO4.pdb_PRO65_SO4_Packing_score:-1.005699_Hbond_score:0.000000
RT -0.0313615 -0.928466 -0.37009 0.974242 0.054332 -0.218863 0.223315 -0.367421 0.902847 1.97517 -2.62127 3.44972  
SINGLE   PRO   CG   CD   NV   LG1   OOC   S   Nhis ### REMARK 5WS3_7MA.pdb_PRO131_7MA_Packing_score:-2.689467_Hbond_score:0.000000
RT -0.82038 0.470237 0.325351 0.546804 0.811575 0.205793 -0.167276 0.346732 -0.922928 4.51002 3.07646 1.20413  
SINGLE   PRO   CG   CD   NV   LG1   OOC   S   OOC ### REMARK 2GN4_MES.pdb_PRO100_MES_Packing_score:-1.400651_Hbond_score:0.000000
RT 0.276311 0.621282 0.733254 0.890685 -0.452137 0.0474575 0.361016 0.639985 -0.678297 0.804469 -1.41285 -3.59987  
SINGLE   PRO   CG   CD   NV   LG1   OOC   S   Ntrp ### REMARK 6FVF_503.pdb_PRO72_503_Packing_score:-1.072411_Hbond_score:0.000000
RT 0.660425 0.372346 -0.652072 -0.00623158 -0.865648 -0.500614 -0.750866 0.334681 -0.569376 -0.886782 -2.39208 3.45054  
SINGLE   PRO   CG   CD   NV   LG1   OOC   S   CH3 ### REMARK 4E96_DMS.pdb_PRO86_DMS_Packing_score:-1.242987_Hbond_score:0.000000
RT -0.823495 0.383482 -0.418087 0.503876 0.155742 -0.84962 -0.2607 -0.910322 -0.32148 0.0413714 -3.59324 2.26614  
SINGLE   PRO   CG   CD   NV   LG1   OOC   S   OOC ### REMARK 3N6W_SO4.pdb_PRO303_SO4_Packing_score:-1.208443_Hbond_score:0.000000
RT 0.561246 0.526087 0.638934 0.814626 -0.214725 -0.538775 -0.146247 0.822877 -0.549077 1.03181 -2.13882 3.5835  
SINGLE   PRO   CG   CD   NV   LG1   OOC   S   OOC ### REMARK 5WHO_SO4.pdb_PRO384_SO4_Packing_score:-1.027629_Hbond_score:0.000000
RT -0.683814 0.710025 0.168113 0.720654 0.693287 0.00322568 -0.11426 0.123357 -0.985763 1.9668 -3.97166 -1.60724  
SINGLE   PRO   CG   CD   NV   LG1   OOC   S   OOC ### REMARK 4MEZ_SO4.pdb_PRO174_SO4_Packing_score:-1.172089_Hbond_score:0.000000
RT -0.564039 -0.760093 0.322674 0.711426 -0.248932 0.657196 -0.419206 0.600243 0.681157 0.390139 -4.16902 -0.276493  
SINGLE   PRO   CG   CD   NV   LG1   OOC   S   Nhis ### REMARK 5T2P_K89.pdb_PRO134_K89_Packing_score:-2.001920_Hbond_score:0.000000
RT 0.284247 0.955819 -0.0749259 0.939598 -0.293259 -0.176507 -0.190681 -0.0202287 -0.981444 -0.133453 -4.18986 -0.791579  
SINGLE   PRO   CG   CD   NV   LG1   OOC   S   OOC ### REMARK 6MI2_SO4.pdb_PRO156_SO4_Packing_score:-1.056539_Hbond_score:0.000000
RT -0.595574 -0.734279 0.32577 0.723174 -0.31354 0.615396 -0.34973 0.602102 0.717748 4.58191 1.76894 3.34213  
SINGLE   PRO   CG   CD   NV   LG1   OOC   S   OOC ### REMARK 3BJB_SO4.pdb_PRO112_SO4_Packing_score:-1.073564_Hbond_score:0.000000
RT 0.502641 -0.0508558 0.862998 0.575137 -0.725624 -0.377741 0.645422 0.68621 -0.335479 -0.614181 1.38532 -3.821  
SINGLE   PRO   CG   CD   NV   LG1   OOC   S   OOC ### REMARK 4X5Z_SO4.pdb_PRO12_SO4_Packing_score:-1.213563_Hbond_score:0.000000
RT 0.708951 -0.554293 0.436059 0.399566 0.825174 0.399293 -0.58115 -0.108845 0.806485 -0.50928 -3.29042 -2.06244  
SINGLE   PRO   CG   CD   NV   LG1   OOC   S   OOC ### REMARK 1YVX_SO4.pdb_PRO93_SO4_Packing_score:-1.207456_Hbond_score:0.000000
RT 0.520292 -0.254212 -0.815275 0.530661 0.844222 0.0754192 0.669101 -0.471874 0.574142 0.657773 -3.57916 -2.08115  
SINGLE   PRO   CG   CD   NV   LG1   OOC   S   OOC ### REMARK 5C9V_SO4.pdb_PRO294_SO4_Packing_score:-1.094344_Hbond_score:0.000000
RT 0.626647 -0.611003 0.483724 0.270083 -0.411969 -0.870251 0.731005 0.675986 -0.0931373 0.473565 -3.25543 -2.78757  
SINGLE   PRO   CG   CD   NV   LG1   OOC   S   OH ### REMARK 5ODH_COM.pdb_PRO45_COM_Packing_score:-1.262849_Hbond_score:0.000000
RT 0.896951 -0.016435 0.441824 0.258931 0.829534 -0.494802 -0.358376 0.558215 0.748307 -0.370988 -0.233134 -4.37709  
SINGLE   PRO   CG   CD   NV   LG1   OOC   S   OOC ### REMARK 1ZG5_SO4.pdb_PRO158_SO4_Packing_score:-1.038577_Hbond_score:0.000000
RT 0.71211 -0.547898 -0.438984 0.672245 0.712432 0.201312 0.202448 -0.438461 0.875652 4.41402 3.05757 1.68295  
SINGLE   PRO   CG   CD   NV   LG1   OH   S   OOC ### REMARK 6J2B_TSL.pdb_PRO167_TSL_Packing_score:-1.039462_Hbond_score:0.000000
RT 0.0916024 0.0396526 0.995006 -0.991897 0.0919616 0.0876514 -0.0880268 -0.994973 0.0477552 4.81476 2.89557 2.23925  
SINGLE   PRO   CG   CD   NV   LG1   OOC   S   aroC ### REMARK 6GCL_EUE.pdb_PRO210_EUE_Packing_score:-1.677593_Hbond_score:0.000000
RT 0.160411 0.385072 0.908839 0.960132 0.152693 -0.23416 -0.228942 0.910167 -0.345226 -0.819578 -4.4723 -0.991817  
SINGLE   PRO   CG   CD   NV   LG1   OOC   S   OH ### REMARK 3FP0_EPE.pdb_PRO404_EPE_Packing_score:-3.284716_Hbond_score:0.000000
RT -0.182439 0.0377964 -0.98249 0.746351 -0.64518 -0.16341 -0.640059 -0.763095 0.0894966 -1.56753 1.87811 1.49356  
SINGLE   PRO   CG   CD   NV   LG1   OOC   S   OOC ### REMARK 5M7F_SO4.pdb_PRO119_SO4_Packing_score:-1.635304_Hbond_score:0.000000
RT -0.46355 -0.394727 0.793292 0.347828 0.742364 0.572635 -0.814946 0.541375 -0.206826 0.486487 -3.6509 0.544598  
SINGLE   PRO   CG   CD   NV   LG1   OOC   S   OH ### REMARK 5EBZ_PDX.pdb_PRO110_PDX_Packing_score:-1.047864_Hbond_score:0.000000
RT -0.503144 0.685443 -0.526322 0.478309 0.728111 0.490993 0.719768 -0.00470445 -0.694198 -0.923248 -3.74825 -2.06714  
SINGLE   PRO   CG   CD   NV   LG1   OOC   S   CH3 ### REMARK 3IAQ_DMS.pdb_PRO306_DMS_Packing_score:-1.138326_Hbond_score:0.000000
RT -0.139703 -0.605864 0.783206 -0.878321 -0.289391 -0.380532 0.457203 -0.741068 -0.491714 0.0169645 -0.0609915 -3.94937  
SINGLE   PRO   CG   CD   NV   LG1   OOC   S   OOC ### REMARK 3FEF_SO4.pdb_PRO284_SO4_Packing_score:-1.563358_Hbond_score:0.000000
RT 0.427437 0.5032 0.751057 0.893025 -0.364336 -0.264132 0.140726 0.783613 -0.605101 0.630254 -3.04079 2.50589  
SINGLE   PRO   CG   CD   NV   LG1   OOC   S   CH3 ### REMARK 3T2P_DMS.pdb_PRO451_DMS_Packing_score:-1.592314_Hbond_score:0.000000
RT 0.40964 -0.0353941 0.91156 -0.70555 0.621124 0.34118 -0.578268 -0.782913 0.229465 -0.345045 1.09334 4.25875  
SINGLE   PRO   CG   CD   NV   LG1   OOC   S   OOC ### REMARK 4N59_SO4.pdb_PRO260_SO4_Packing_score:-1.359768_Hbond_score:0.000000
RT -0.562979 -0.627537 0.537822 0.447471 -0.778555 -0.440025 0.694855 -0.00706474 0.719115 5.12592 -1.24952 1.353  
SINGLE   PRO   CG   CD   NV   LG1   OOC   S   CH3 ### REMARK 4PML_DMS.pdb_PRO1119_DMS_Packing_score:-1.090294_Hbond_score:0.000000
RT -0.713203 -0.676008 -0.185353 -0.69649 0.71324 0.0786795 0.0790129 0.185211 -0.979517 5.49251 2.63298 1.00177  
SINGLE   PRO   CG   CD   NV   LG1   OOC   S   OOC ### REMARK 6ZWE_SO4.pdb_PRO44_SO4_Packing_score:-1.045511_Hbond_score:0.000000
RT -0.360246 -0.882108 0.303494 -0.0467891 0.342014 0.938529 -0.931683 0.323901 -0.164482 -0.716485 1.5132 4.21293  
SINGLE   PRO   CG   CD   NV   LG1   OOC   S   OOC ### REMARK 6I6C_H4H.pdb_PRO200_H4H_Packing_score:-1.030606_Hbond_score:0.000000
RT -0.655291 -0.693452 0.299531 -0.0845112 -0.326739 -0.941329 0.750634 -0.642158 0.155504 -0.457644 3.25713 4.92772  
SINGLE   PRO   CG   CD   NV   LG1   OOC   S   OOC ### REMARK 3GEW_SO4.pdb_PRO92_SO4_Packing_score:-1.040049_Hbond_score:0.000000
RT -0.630254 -0.633076 -0.449438 -0.768095 0.592813 0.242078 0.11318 0.497782 -0.859886 5.71766 0.598315 1.35609  
SINGLE   PRO   CG   CD   NV   LG1   OOC   S   OOC ### REMARK 6ESZ_SO4.pdb_PRO12_SO4_Packing_score:-1.199659_Hbond_score:0.000000
RT -0.292544 0.704745 -0.646338 -0.213736 -0.706998 -0.674145 -0.93206 -0.0590709 0.357457 -0.0855661 -2.44521 3.42979  
SINGLE   PRO   CG   CD   NV   LG1   OOC   S   OOC ### REMARK 6KO9_SO4.pdb_PRO100_SO4_Packing_score:-1.033148_Hbond_score:0.000000
RT -0.0515978 -0.472654 0.879736 0.896147 -0.41069 -0.16809 0.440747 0.7797 0.444758 -2.42294 -0.0729315 -3.07211  
SINGLE   PRO   CG   CD   NV   LG1   OOC   S   OOC ### REMARK 5DDE_SO4.pdb_PRO12_SO4_Packing_score:-1.209662_Hbond_score:0.000000
RT -0.328807 0.738104 0.589142 0.0397428 -0.612461 0.789501 0.943561 0.283007 0.172047 -0.220916 -3.0453 -2.53066  
SINGLE   PRO   CG   CD   NV   LG1   OOC   S   OOC ### REMARK 6WN8_SO4.pdb_PRO92_SO4_Packing_score:-1.102826_Hbond_score:0.000000
RT -0.333723 -0.908522 0.251428 -0.484419 0.394089 0.781045 -0.808682 0.138856 -0.571623 1.7368 -1.82235 -3.76095  
SINGLE   PRO   CG   CD   NV   LG1   OOC   S   OOC ### REMARK 6YPY_P7E.pdb_PRO167_P7E_Packing_score:-1.228569_Hbond_score:0.000000
RT -0.310509 0.934963 0.171549 -0.296262 -0.266668 0.917124 0.903224 0.233952 0.359797 5.19325 1.8729 -3.78771  
SINGLE   PRO   CG   CD   NV   LG1   OOC   S   OOC ### REMARK 4PFU_SO4.pdb_PRO46_SO4_Packing_score:-1.092736_Hbond_score:0.000000
RT -0.462851 -0.824526 -0.325463 -0.775241 0.198478 0.599673 -0.429848 0.529872 -0.731072 4.44753 1.45465 -2.80625  
SINGLE   PRO   CG   CD   NV   LG1   OOC   S   OOC ### REMARK 3P3Q_SO4.pdb_PRO78_SO4_Packing_score:-1.003631_Hbond_score:0.000000
RT 0.0371655 0.960004 0.277507 0.702723 0.172332 -0.690277 -0.710493 0.220665 -0.668212 0.515057 -4.33444 -0.569019  
SINGLE   PRO   CG   CD   NV   LG1   OOC   S   OOC ### REMARK 4QAF_SO4.pdb_PRO109_SO4_Packing_score:-1.291356_Hbond_score:0.000000
RT -0.202154 -0.978973 0.0273076 -0.60396 0.102669 -0.790374 0.770951 -0.17627 -0.612015 1.35294 -2.31367 3.26579  
SINGLE   PRO   CG   CD   NV   LG1   OOC   S   OOC ### REMARK 3P8U_SO3.pdb_PRO221_SO3_Packing_score:-1.492758_Hbond_score:0.000000
RT 0.0826098 -0.00998743 -0.996532 -0.428048 -0.90337 -0.0264303 -0.899973 0.428747 -0.0789023 0.890388 -1.08784 3.80742  
SINGLE   PRO   CG   CD   NV   LG1   OOC   S   OOC ### REMARK 5MF6_SO4.pdb_PRO221_SO4_Packing_score:-1.071765_Hbond_score:0.000000
RT 0.812466 -0.572408 -0.11067 -0.518136 -0.795956 0.313033 -0.267271 -0.196987 -0.943272 1.97668 3.36784 3.58567  
SINGLE   PRO   CG   CD   NV   LG1   OOC   S   OOC ### REMARK 1DXY_SO4.pdb_PRO98_SO4_Packing_score:-1.032283_Hbond_score:0.000000
RT 0.115761 0.226343 -0.967144 0.869819 0.447041 0.208734 0.479599 -0.865403 -0.145128 -0.200936 -0.976966 -4.10272  
SINGLE   PRO   CG   CD   NV   LG1   OOC   S   OOC ### REMARK 5L72_6PF.pdb_PRO758_6PF_Packing_score:-1.279304_Hbond_score:0.000000
RT -0.328032 -0.841806 -0.428669 0.152243 0.400737 -0.903456 0.932318 -0.361624 -0.00329557 3.2364 -3.57017 0.345493  
SINGLE   PRO   CG   CD   NV   LG1   OOC   S   OOC ### REMARK 4FD0_SO4.pdb_PRO320_SO4_Packing_score:-1.066513_Hbond_score:0.000000
RT 0.238909 0.959622 0.148484 0.266967 -0.21193 0.940114 0.933623 -0.184961 -0.306819 -0.89174 -3.72841 -1.36644  
SINGLE   PRO   CG   CD   NV   LG1   OOC   S   OOC ### REMARK 4COM_MES.pdb_PRO498_MES_Packing_score:-1.636369_Hbond_score:0.000000
RT -0.671853 -0.740679 0.00274236 0.130592 -0.1221 -0.983889 0.729081 -0.660671 0.17876 0.53745 0.163125 -4.56205  
SINGLE   PRO   CG   CD   NV   LG1   OOC   S   OOC ### REMARK 6CMK_MES.pdb_PRO277_MES_Packing_score:-1.072428_Hbond_score:0.000000
RT -0.555996 -0.76834 -0.317053 -0.831104 0.519237 0.199147 0.0116127 0.374229 -0.927264 3.88799 -2.70632 2.32983  
SINGLE   PRO   CG   CD   NV   LG1   OOC   S   OOC ### REMARK 4NIL_SO4.pdb_PRO69_SO4_Packing_score:-1.396705_Hbond_score:0.000000
RT 0.457198 -0.689104 0.562232 -0.791471 -0.0269237 0.610613 -0.405639 -0.724162 -0.557716 -0.954488 -0.626144 3.69819  
SINGLE   PRO   CG   CD   NV   LG1   OOC   S   CH3 ### REMARK 2JXN_MTN.pdb_PRO3_MTN_Packing_score:-1.016700_Hbond_score:0.000000
RT -0.846812 -0.258418 0.464898 0.350558 -0.928505 0.122424 0.400023 0.266644 0.87686 3.5018 2.46758 -3.91081  
SINGLE   PRO   CG   CD   NV   LG1   OOC   S   OOC ### REMARK 5WWV_SO4.pdb_PRO119_SO4_Packing_score:-1.503777_Hbond_score:0.000000
RT 0.176982 -0.204172 0.962804 0.684255 -0.677626 -0.269477 0.707441 0.706496 0.0197778 1.60522 0.733143 -3.89998  
SINGLE   PRO   CG   CD   NV   LG1   OOC   S   OOC ### REMARK 1U6Z_SO4.pdb_PRO357_SO4_Packing_score:-1.387391_Hbond_score:0.000000
RT -0.369804 0.9129 -0.172798 0.458078 0.34095 0.820925 0.808337 0.224426 -0.544264 0.879235 0.231729 -4.19459  
SINGLE   PRO   CG   CD   NV   LG1   OOC   S   OOC ### REMARK 5EFW_SO4.pdb_PRO498_SO4_Packing_score:-1.042276_Hbond_score:0.000000
RT 0.157391 0.121832 -0.979992 -0.671769 -0.714175 -0.196674 -0.723847 0.689283 -0.0305617 1.79434 -2.29057 -3.59123  
SINGLE   PRO   CG   CD   NV   LG1   OOC   S   OOC ### REMARK 6I3F_SO4.pdb_PRO369_SO4_Packing_score:-1.712939_Hbond_score:0.000000
RT 0.202479 -0.142551 -0.968856 -0.189023 0.965054 -0.181495 0.960871 0.219885 0.168458 0.891757 -1.58013 3.69353  
SINGLE   PRO   CG   CD   NV   LG1   OOC   S   OOC ### REMARK 3K4L_MES.pdb_PRO405_MES_Packing_score:-1.187405_Hbond_score:0.000000
RT -0.634263 -0.0424655 -0.77195 -0.636281 -0.538501 0.552416 -0.439154 0.841554 0.314531 0.39432 1.61981 3.89142  
SINGLE   PRO   CG   CD   NV   LG1   OOC   S   OOC ### REMARK 3DCZ_SO4.pdb_PRO205_SO4_Packing_score:-1.054024_Hbond_score:0.000000
RT 0.411898 0.910193 -0.0434629 0.832277 -0.35636 0.424645 0.37102 -0.211083 -0.904316 -2.11667 -0.528615 -3.28981  
SINGLE   PRO   CG   CD   NV   LG1   OOC   S   OOC ### REMARK 6GY1_FGQ.pdb_PRO174_FGQ_Packing_score:-2.047985_Hbond_score:0.000000
RT -0.234228 0.698241 -0.676459 0.481467 0.687806 0.543243 0.844587 -0.198449 -0.497284 1.8616 -3.79713 1.82974  
SINGLE   PRO   CG   CD   NV   LG1   OOC   S   OOC ### REMARK 7CWI_SO4.pdb_PRO26_SO4_Packing_score:-1.473972_Hbond_score:0.000000
RT 0.179328 0.98184 -0.0618976 0.903311 -0.139408 0.405703 0.389707 -0.128667 -0.911907 -1.32684 -0.564321 -3.5141  
SINGLE   PRO   CG   CD   NV   LG1   OOC   S   OOC ### REMARK 6E8E_SO4.pdb_PRO477_SO4_Packing_score:-1.180945_Hbond_score:0.000000
RT -0.402847 -0.793714 0.455777 0.212767 0.403119 0.890071 -0.890194 0.455536 0.00648121 2.29301 -3.59648 1.6521  
SINGLE   PRO   CG   CD   NV   LG1   OOC   S   OOC ### REMARK 2FEN_SO4.pdb_PRO9_SO4_Packing_score:-1.623907_Hbond_score:0.000000
RT 0.944441 -0.143009 -0.295938 0.32804 0.466349 0.821528 0.0205243 -0.872964 0.487352 1.36316 -3.70599 0.442165  
SINGLE   PRO   CG   CD   NV   LG1   OOC   S   OOC ### REMARK 3VWR_MES.pdb_PRO71_MES_Packing_score:-1.256657_Hbond_score:0.000000
RT 0.6421 0.70769 -0.294757 0.289701 0.131985 0.947973 0.709775 -0.694085 -0.120271 0.00774482 0.0936901 -4.20387  
SINGLE   PRO   CG   CD   NV   LG1   OOC   S   OOC ### REMARK 4ML0_SO4.pdb_PRO51_SO4_Packing_score:-1.135186_Hbond_score:0.000000
RT -0.84074 0.48974 0.230892 0.5063 0.862232 0.0147097 -0.191879 0.129268 -0.972868 0.506654 -2.60964 3.26685  
SINGLE   PRO   CG   CD   NV   LG1   OOC   S   OH ### REMARK 7Q3A_EPE.pdb_PRO190_EPE_Packing_score:-1.819632_Hbond_score:0.000000
RT 0.881351 0.0934332 0.463132 0.210473 0.799965 -0.561923 -0.422991 0.592728 0.685384 1.63435 -2.80816 2.21759  
SINGLE   PRO   CG   CD   NV   LG1   OOC   S   OOC ### REMARK 3RHJ_SO4.pdb_PRO641_SO4_Packing_score:-1.329577_Hbond_score:0.000000
RT -0.802144 0.561265 0.20383 0.555601 0.576453 0.599174 0.218797 0.593872 -0.774237 0.275948 -3.74989 1.62234  
SINGLE   PRO   CG   CD   NV   LG1   OOC   S   OOC ### REMARK 3D38_SO4.pdb_PRO160_SO4_Packing_score:-1.135434_Hbond_score:0.000000
RT 0.536548 -0.459614 0.707722 -0.168845 0.763233 0.623672 -0.826805 -0.454125 0.331908 1.07723 -3.88156 -1.72282  
SINGLE   PRO   CG   CD   NV   LG1   CH3   S   OOC ### REMARK 7F5C_EUU.pdb_PRO92_EUU_Packing_score:-1.486369_Hbond_score:0.000000
RT -0.767363 0.389263 -0.509537 0.609847 0.197566 -0.767499 -0.198091 -0.89969 -0.388996 5.23521 2.22384 -3.69295  
SINGLE   PRO   CG   CD   NV   LG1   OOC   S   OOC ### REMARK 3IJX_HCZ.pdb_PRO105_HCZ_Packing_score:-2.233551_Hbond_score:0.000000
RT 0.0933721 -0.339875 -0.935824 -0.993152 -0.0980909 -0.0634671 -0.070225 0.935341 -0.346706 -0.26118 -0.413643 -4.33764  
SINGLE   PRO   CG   CD   NV   LG1   OOC   S   OOC ### REMARK 7MAE_SO4.pdb_PRO1_SO4_Packing_score:-1.281889_Hbond_score:0.000000
RT -0.364802 0.782976 0.503853 -0.736315 0.0886123 -0.670811 -0.569877 -0.615708 0.544191 -0.591931 1.6422 3.8937  
SINGLE   PRO   CG   CD   NV   LG1   OOC   S   OOC ### REMARK 1NM3_SO4.pdb_PRO47_SO4_Packing_score:-1.270778_Hbond_score:0.000000
RT -0.210595 -0.614494 -0.760293 0.691475 -0.643399 0.328483 -0.691023 -0.456547 0.560404 5.5525 -0.75951 -0.232508  
SINGLE   PRO   CG   CD   NV   LG1   OOC   S   OH ### REMARK 5BSE_MPO.pdb_PRO81_MPO_Packing_score:-1.740983_Hbond_score:0.000000
RT 0.938655 -0.246882 -0.240783 0.341615 0.57013 0.747162 -0.0471836 -0.783582 0.619494 0.228299 -3.61971 -0.735891  
SINGLE   PRO   CG   CD   NV   LG1   OOC   S   OOC ### REMARK 2ANX_SO4.pdb_PRO135_SO4_Packing_score:-1.411209_Hbond_score:0.000000
RT 0.638015 -0.00954514 0.769965 0.690426 -0.435659 -0.577507 0.340954 0.900061 -0.271366 3.41428 -0.61844 -3.83186  
SINGLE   PRO   CG   CD   NV   LG1   OOC   S   OOC ### REMARK 7O4V_SO4.pdb_PRO259_SO4_Packing_score:-1.067569_Hbond_score:0.000000
RT -0.755303 0.185093 -0.628695 0.496789 0.787375 -0.365024 0.427456 -0.588032 -0.686658 3.82085 -2.97228 1.75354  
SINGLE   PRO   CG   CD   NV   LG1   OOC   S   OOC ### REMARK 1QTE_SO4.pdb_PRO499_SO4_Packing_score:-1.079535_Hbond_score:0.000000
RT -0.179778 -0.983649 -0.0106641 0.545888 -0.0907396 -0.83293 0.818344 -0.155564 0.553275 -1.00018 -0.709391 -4.18838  
SINGLE   PRO   CG   CD   NV   LG1   OOC   S   OOC ### REMARK 3AF5_SO4.pdb_PRO384_SO4_Packing_score:-1.110634_Hbond_score:0.000000
RT -0.198988 -0.979847 -0.0174341 0.902717 -0.176342 -0.392435 0.381452 -0.0938278 0.919614 5.79235 -0.0231226 -0.488398  
SINGLE   PRO   CG   CD   NV   LG1   OOC   S   OOC ### REMARK 5ODW_SO4.pdb_PRO426_SO4_Packing_score:-1.021837_Hbond_score:0.000000
RT -0.958055 -0.174598 0.227256 0.280862 -0.414373 0.865686 -0.0569776 0.893202 0.446031 5.10225 -0.302406 2.48115  
SINGLE   PRO   CG   CD   NV   LG1   OOC   S   OOC ### REMARK 3DTV_SO4.pdb_PRO14_SO4_Packing_score:-1.027515_Hbond_score:0.000000
RT -0.921819 -0.178949 0.343842 0.076342 -0.953498 -0.29157 0.380029 -0.242525 0.892614 3.75473 -3.39463 -0.611061  
SINGLE   PRO   CG   CD   NV   LG1   OOC   S   OOC ### REMARK 7NZV_UXN.pdb_PRO167_UXN_Packing_score:-1.191001_Hbond_score:0.000000
RT -0.510684 0.82685 -0.235629 -0.27954 0.0994869 0.954966 0.813055 0.553553 0.180332 5.39065 1.69529 -3.4154  
SINGLE   PRO   CG   CD   NV   LG1   OOC   S   OOC ### REMARK 5K36_SO4.pdb_PRO241_SO4_Packing_score:-1.255744_Hbond_score:0.000000
RT -0.300078 -0.904679 0.302506 -0.486135 0.417883 0.767494 -0.820747 0.0832499 -0.565193 2.88772 0.0431439 -3.68614  
SINGLE   PRO   CG   CD   NV   LG1   OOC   S   OOC ### REMARK 1GP0_SO4.pdb_PRO1620_SO4_Packing_score:-1.308899_Hbond_score:0.000000
RT -0.374181 -0.262154 -0.88953 0.875585 0.216138 -0.432013 0.305515 -0.94051 0.148664 -0.436445 -0.121695 -3.77597  
SINGLE   PRO   CG   CD   NV   LG1   OOC   S   OOC ### REMARK 4AW4_SO4.pdb_PRO323_SO4_Packing_score:-1.257683_Hbond_score:0.000000
RT -0.742577 0.101081 -0.662089 0.547255 0.661478 -0.512795 0.386123 -0.743121 -0.546515 5.50322 0.573095 1.25249  
SINGLE   PRO   CG   CD   NV   LG1   OOC   S   OOC ### REMARK 7TGJ_SO4.pdb_PRO360_SO4_Packing_score:-1.148789_Hbond_score:0.000000
RT -0.324402 0.94449 -0.051975 0.643351 0.260584 0.719858 0.693442 0.200085 -0.692173 2.94339 -3.7075 0.804254  
SINGLE   PRO   CG   CD   NV   LG1   OOC   S   OOC ### REMARK 4DCH_4DC.pdb_PRO66_4DC_Packing_score:-2.779663_Hbond_score:0.000000
RT 0.100131 0.988667 -0.111858 -0.205028 -0.0895075 -0.974655 -0.973621 0.120527 0.193742 2.92626 -2.00256 3.50231  
SINGLE   PRO   CG   CD   NV   LG1   OOC   S   OOC ### REMARK 1SE6_MES.pdb_PRO45_MES_Packing_score:-1.131958_Hbond_score:0.000000
RT 0.771262 -0.630398 0.0880538 -0.610031 -0.69257 0.384979 -0.181707 -0.350635 -0.918715 0.220158 6.29844 1.36106  
SINGLE   PRO   CG   CD   NV   LG1   OOC   S   OOC ### REMARK 4PTB_MES.pdb_PRO773_MES_Packing_score:-1.408680_Hbond_score:0.000000
RT -0.898211 0.173125 -0.404035 0.0704832 0.964004 0.256376 0.433877 0.201802 -0.878081 1.82328 -1.52829 -4.03347  
SINGLE   PRO   CG   CD   NV   LG1   OOC   S   Nhis ### REMARK 5SC1_8DH.pdb_PRO141_8DH_Packing_score:-3.296994_Hbond_score:0.000000
RT -0.130577 0.883121 0.450606 0.385365 0.463969 -0.797638 -0.913479 0.0694945 -0.400908 0.0433001 -3.85183 0.998586  
SINGLE   PRO   CG   CD   NV   LG1   CH2   S   OOC ### REMARK 6H13_MES.pdb_PRO433_MES_Packing_score:-1.964976_Hbond_score:0.000000
RT -0.778778 -0.326537 -0.535611 -0.0175389 -0.842167 0.538932 -0.627054 0.429102 0.650134 2.10839 -3.34771 2.5359  
SINGLE   PRO   CG   CD   NV   LG1   OOC   S   OOC ### REMARK 2VVI_SO3.pdb_PRO221_SO3_Packing_score:-1.071163_Hbond_score:0.000000
RT -0.686426 0.643457 0.338795 -0.727183 -0.610502 -0.313835 0.00489592 -0.461791 0.886975 1.42879 -0.677251 3.95806  
SINGLE   PRO   CG   CD   NV   LG1   OOC   S   OH ### REMARK 3UR9_K36.pdb_PRO136_K36_Packing_score:-1.560223_Hbond_score:0.000000
RT 0.392079 0.198673 0.898222 -0.726355 0.66603 0.169742 -0.56452 -0.718981 0.405443 0.652765 5.65099 0.849352  
SINGLE   PRO   CG   CD   NV   LG1   OOC   S   OH ### REMARK 3S4T_EPE.pdb_PRO25_EPE_Packing_score:-2.231846_Hbond_score:0.000000
RT -0.978003 0.10954 -0.177516 0.206091 0.376011 -0.903406 -0.0322116 -0.920118 -0.390315 3.90318 4.30991 1.41105  
SINGLE   PRO   CG   CD   NV   LG1   OOC   S   CH3 ### REMARK 6AXQ_DMS.pdb_PRO1123_DMS_Packing_score:-1.039256_Hbond_score:0.000000
RT 0.727709 -0.060468 0.683215 0.331297 -0.841211 -0.427324 0.600568 0.537315 -0.592124 -1.15869 0.127237 -4.03109  
SINGLE   PRO   CG   CD   NV   LG1   OOC   S   OOC ### REMARK 4KQH_SO4.pdb_PRO287_SO4_Packing_score:-1.259906_Hbond_score:0.000000
RT 0.927017 0.0377078 -0.373119 0.348756 0.279094 0.894693 0.137872 -0.959523 0.245574 0.840689 -3.94332 1.09926  
SINGLE   PRO   CG   CD   NV   LG1   OOC   S   OOC ### REMARK 7S5O_SO4.pdb_PRO25_SO4_Packing_score:-1.478514_Hbond_score:0.000000
RT -0.163932 -0.770736 -0.615705 -0.943906 0.303919 -0.129129 0.286649 0.559999 -0.777325 0.459142 -0.378143 -3.81342  
SINGLE   PRO   CG   CD   NV   LG1   OOC   S   OOC ### REMARK 2IJD_SO4.pdb_PRO631_SO4_Packing_score:-1.103999_Hbond_score:0.000000
RT 0.160556 0.940635 -0.299045 -0.445405 -0.201326 -0.8724 -0.880816 0.273266 0.386639 0.563014 0.635454 4.73676  
SINGLE   PRO   CG   CD   NV   LG1   OOC   S   aroC ### REMARK 5XMP_8A3.pdb_PRO267_8A3_Packing_score:-1.002725_Hbond_score:0.000000
RT -0.695707 0.467318 0.545532 0.578569 0.814653 0.0399832 -0.425734 0.343444 -0.837136 4.3716 -3.29654 1.49012  
SINGLE   PRO   CG   CD   NV   LG1   OOC   S   aroC ### REMARK 5XMQ_8A6.pdb_PRO267_8A6_Packing_score:-1.282076_Hbond_score:0.000000
RT -0.486794 0.454091 0.746213 0.7581 0.644009 0.102651 -0.433954 0.615674 -0.657746 3.89786 -3.77752 0.962541  
SINGLE   PRO   CG   CD   NV   LG1   OOC   S   OOC ### REMARK 1W6M_SO4.pdb_PRO1109_SO4_Packing_score:-1.265355_Hbond_score:0.000000
RT 0.516737 0.72234 -0.459574 0.539176 -0.691538 -0.480693 -0.665036 0.000600727 -0.746811 3.51904 -3.22433 1.08235  
SINGLE   PRO   CG   CD   NV   LG1   OOC   S   OOC ### REMARK 7O4S_SO4.pdb_PRO193_SO4_Packing_score:-1.673282_Hbond_score:0.000000
RT -0.088297 0.813114 0.575369 0.98785 0.145645 -0.0542293 -0.127894 0.56359 -0.816094 0.759576 -2.69318 -2.80933  
SINGLE   PRO   CG   CD   NV   LG1   OOC   S   OOC ### REMARK 3UQ0_SO4.pdb_PRO495_SO4_Packing_score:-1.124177_Hbond_score:0.000000
RT 0.668715 -0.734699 -0.114185 0.615066 0.460337 0.640143 -0.417748 -0.498305 0.759723 1.78991 -0.850468 4.54707  
SINGLE   PRO   CG   CD   NV   LG1   OOC   S   OOC ### REMARK 5D1O_SO4.pdb_PRO20_SO4_Packing_score:-1.605250_Hbond_score:0.000000
RT -0.905524 0.302315 0.297712 0.407229 0.42224 0.809863 0.119128 0.854587 -0.50546 0.694585 -3.70358 -0.816272  
SINGLE   PRO   CG   CD   NV   LG1   OOC   S   CH2 ### REMARK 4PYY_V14.pdb_PRO202_V14_Packing_score:-1.083737_Hbond_score:0.000000
RT 0.956717 -0.0685578 0.282831 0.266788 0.594878 -0.758251 -0.116266 0.800887 0.58742 -2.59448 -3.2192 -1.26888  
SINGLE   PRO   CG   CD   NV   LG1   OOC   S   OOC ### REMARK 1TB6_GU6.pdb_PRO12_GU6_Packing_score:-3.595725_Hbond_score:0.000000
RT 0.588638 0.383098 0.711857 0.0168137 0.874587 -0.484577 -0.808222 0.29721 0.508374 -0.0253509 -0.917741 -3.88583  
SINGLE   PRO   CG   CD   NV   LG1   OOC   S   OOC ### REMARK 7KFP_SO4.pdb_PRO605_SO4_Packing_score:-1.139511_Hbond_score:0.000000
RT -0.159827 -0.987064 0.0126416 -0.928509 0.154669 0.337562 -0.335151 0.0422137 -0.941218 4.55942 0.0182647 3.40875  
SINGLE   PRO   CG   CD   NV   LG1   OOC   S   OOC ### REMARK 5QJ1_SO4.pdb_PRO93_SO4_Packing_score:-1.258305_Hbond_score:0.000000
RT 0.227421 0.304611 -0.924928 -0.973258 0.0395065 -0.226294 -0.0323909 0.951657 0.30545 -0.749106 -3.81879 -0.507084  
SINGLE   PRO   CG   CD   NV   LG1   OOC   S   CH3 ### REMARK 5G44_DMS.pdb_PRO500_DMS_Packing_score:-1.648880_Hbond_score:0.000000
RT -0.255744 -0.300069 -0.918996 0.780241 0.497212 -0.37948 0.570806 -0.814088 0.106967 -0.894626 -0.772255 -3.74285  
SINGLE   PRO   CG   CD   NV   LG1   OOC   S   OOC ### REMARK 3G7F_SO4.pdb_PRO4_SO4_Packing_score:-1.233907_Hbond_score:0.000000
RT -0.960622 -0.0815884 -0.265611 -0.269757 0.0446861 0.961891 -0.0666101 0.995664 -0.0649355 1.30663 -3.4923 -2.24945  
SINGLE   PRO   CG   CD   NV   LG1   OOC   S   OOC ### REMARK 7KD6_SO4.pdb_PRO99_SO4_Packing_score:-1.347774_Hbond_score:0.000000
RT -0.755351 0.597099 -0.270033 -0.620821 -0.783946 0.00312852 -0.209824 0.170006 0.962846 5.5201 0.223826 -1.42671  
SINGLE   PRO   CG   CD   NV   LG1   OOC   S   OOC ### REMARK 3HQC_SO4.pdb_PRO1373_SO4_Packing_score:-1.469065_Hbond_score:0.000000
RT 0.28958 -0.557104 -0.778318 -0.589429 0.536886 -0.603594 0.754133 0.633552 -0.172902 0.240054 -0.120468 -4.30701  
SINGLE   PRO   CG   CD   NV   LG1   OOC   S   OOC ### REMARK 2FEL_SO4.pdb_PRO9_SO4_Packing_score:-1.760890_Hbond_score:0.000000
RT -0.624338 -0.482492 0.614332 0.323179 0.556435 0.765464 -0.711166 0.676448 -0.191472 1.25403 -3.60466 0.0803342  
SINGLE   PRO   CG   CD   NV   LG1   OOC   S   OOC ### REMARK 5AJO_SO4.pdb_PRO401_SO4_Packing_score:-1.010949_Hbond_score:0.000000
RT -0.851475 0.442465 -0.281451 0.218556 0.78731 0.57652 0.476679 0.42938 -0.767079 4.10621 -3.0068 1.47729  
SINGLE   PRO   CG   CD   NV   LG1   OOC   S   OOC ### REMARK 6RQB_SO4.pdb_PRO332_SO4_Packing_score:-1.324626_Hbond_score:0.000000
RT 0.849415 -0.0893564 0.520105 0.0726543 -0.956374 -0.282966 0.5227 0.278143 -0.805867 -0.911483 0.890296 -3.39304  
SINGLE   PRO   CG   CD   NV   LG1   CH2   S   OOC ### REMARK 5UX9_MES.pdb_PRO99_MES_Packing_score:-1.034954_Hbond_score:0.000000
RT 0.297551 0.954426 -0.0231138 -0.48974 0.173374 0.854456 0.819523 -0.242925 0.519009 2.42001 1.83969 -6.49585  
SINGLE   PRO   CG   CD   NV   LG1   OOC   S   OOC ### REMARK 3F3R_SO4.pdb_PRO92_SO4_Packing_score:-1.399164_Hbond_score:0.000000
RT 0.726622 -0.470792 0.500375 0.68684 0.515256 -0.512604 -0.0164916 0.716147 0.697755 -0.874911 -1.23551 -3.56862  
SINGLE   PRO   CG   CD   NV   LG1   OOC   S   OOC ### REMARK 2FEL_SO4.pdb_PRO9_SO4_Packing_score:-1.456969_Hbond_score:0.000000
RT 0.588009 -0.307201 -0.748246 0.698212 0.659791 0.277805 0.408344 -0.685786 0.602455 1.43149 -3.79626 0.707248  
SINGLE   PRO   CG   CD   NV   LG1   OOC   S   OOC ### REMARK 2FEL_SO4.pdb_PRO9_SO4_Packing_score:-1.471905_Hbond_score:0.000000
RT -0.920537 0.105048 0.376267 0.287868 0.833522 0.471564 -0.26409 0.542408 -0.797528 1.68313 -3.64919 1.20026  
SINGLE   PRO   CG   CD   NV   LG1   OOC   S   OH ### REMARK 6V8S_2AN.pdb_PRO126_2AN_Packing_score:-3.684529_Hbond_score:0.000000
RT 0.676157 0.635196 0.37328 0.733742 -0.626353 -0.263257 0.0665854 0.451894 -0.889583 1.32083 -3.75476 -0.395493  
SINGLE   PRO   CG   CD   NV   LG1   OOC   S   CH3 ### REMARK 3FQL_79Z.pdb_PRO197_79Z_Packing_score:-1.138599_Hbond_score:0.000000
RT -0.375261 0.663886 0.646865 -0.924101 -0.213578 -0.316895 -0.0722257 -0.716687 0.693645 4.22179 1.23785 3.26526  
SINGLE   PRO   CG   CD   NV   LG1   OOC   S   Ntrp ### REMARK 4JXH_HRC.pdb_PRO154_HRC_Packing_score:-1.279419_Hbond_score:0.000000
RT 0.864235 0.412308 -0.288269 0.0971415 -0.69898 -0.708512 -0.49362 0.584319 -0.644136 -1.31299 2.25997 4.05481  
SINGLE   PRO   CG   CD   NV   LG1   OOC   S   CH1 ### REMARK 6N96_LCV.pdb_PRO133_LCV_Packing_score:-1.630435_Hbond_score:0.000000
RT -0.459228 -0.458603 0.760784 0.627032 0.439304 0.643306 -0.629238 0.772461 0.0858178 -0.994278 1.06783 3.71523  
SINGLE   PRO   CG   CD   NV   LG1   OOC   S   OH ### REMARK 5V6I_NHE.pdb_PRO114_NHE_Packing_score:-1.812510_Hbond_score:0.000000
RT 0.116151 -0.800257 -0.588301 0.686229 0.492866 -0.534952 0.718052 -0.341574 0.606406 0.213818 -0.662912 -4.39937  
SINGLE   PRO   CG   CD   NV   LG1   OOC   S   OOC ### REMARK 6TY7_MES.pdb_PRO206_MES_Packing_score:-1.569412_Hbond_score:0.000000
RT 0.958476 0.266805 -0.100688 -0.186236 0.85302 0.487518 0.215961 -0.448522 0.867288 -0.899559 1.01869 3.61379  
SINGLE   PRO   CG   CD   NV   LG1   OOC   S   OOC ### REMARK 7NX7_SO4.pdb_PRO60_SO4_Packing_score:-1.161616_Hbond_score:0.000000
RT -0.502197 -0.680352 -0.533778 0.743428 -0.0243765 -0.668372 0.441717 -0.73248 0.518034 2.06595 -3.96926 0.853976  
SINGLE   PRO   CG   CD   NV   LG1   OOC   S   OOC ### REMARK 6SC7_SO4.pdb_PRO927_SO4_Packing_score:-1.329062_Hbond_score:0.000000
RT -0.463397 -0.4229 -0.778729 -0.0854957 0.896014 -0.435717 0.882017 -0.135332 -0.451366 0.651389 -1.48092 4.11793  
SINGLE   PRO   CG   CD   NV   LG1   OH   S   OOC ### REMARK 6STL_TAU.pdb_PRO82_TAU_Packing_score:-1.575929_Hbond_score:0.000000
RT 0.326104 -0.88267 0.338453 0.493655 0.464335 0.735321 -0.806202 -0.0727116 0.587156 1.83262 -3.82954 -0.470598  
SINGLE   PRO   CG   CD   NV   LG1   OOC   S   OOC ### REMARK 3MWI_SO4.pdb_PRO170_SO4_Packing_score:-1.521216_Hbond_score:0.000000
RT -0.395954 0.435889 0.808221 0.431172 -0.688842 0.58274 0.810747 0.579221 0.0848066 0.592095 0.115909 -4.20054  
SINGLE   PRO   CG   CD   NV   LG1   OOC   S   OOC ### REMARK 6O5I_SO4.pdb_PRO12_SO4_Packing_score:-1.268655_Hbond_score:0.000000
RT -0.902861 -0.380116 -0.200883 0.404048 -0.590507 -0.698603 0.146927 -0.711908 0.686731 0.265283 -2.60065 -3.08133  
SINGLE   PRO   CG   CD   NV   LG1   OOC   S   Ntrp ### REMARK 3VU8_MDS.pdb_PRO264_MDS_Packing_score:-2.211958_Hbond_score:0.000000
RT -0.767826 0.317078 -0.556691 0.508879 0.829744 -0.229278 0.389212 -0.459334 -0.798453 4.21474 -3.10399 -0.625901  
SINGLE   PRO   CG   CD   NV   LG1   OOC   S   OOC ### REMARK 4CIX_SO4.pdb_PRO119_SO4_Packing_score:-1.101415_Hbond_score:0.000000
RT -0.240108 0.399607 0.884682 -0.0596642 0.903544 -0.42432 -0.968911 -0.154667 -0.193106 3.02975 -3.76765 -0.0263707  
SINGLE   PRO   CG   CD   NV   LG1   OOC   S   OOC ### REMARK 4BBP_SO4.pdb_PRO66_SO4_Packing_score:-1.327374_Hbond_score:0.000000
RT 0.70052 -0.713631 -0.00160639 0.662211 0.650881 -0.371255 0.265985 0.259008 0.92853 -0.742575 -0.696905 -3.94567  
SINGLE   PRO   CG   CD   NV   LG1   OOC   S   OOC ### REMARK 6SAK_SO4.pdb_PRO269_SO4_Packing_score:-1.130989_Hbond_score:0.000000
RT 0.767352 0.496384 -0.405923 0.222327 0.387814 0.894523 0.601449 -0.776662 0.18723 0.850417 -3.09961 -3.09488  
SINGLE   PRO   CG   CD   NV   LG1   OOC   S   OOC ### REMARK 3LAF_SO4.pdb_PRO72_SO4_Packing_score:-1.410429_Hbond_score:0.000000
RT -0.197982 -0.970604 -0.136864 0.710976 -0.238315 0.661603 -0.674771 0.0336785 0.737258 -0.536524 0.876124 4.12821  
SINGLE   PRO   CG   CD   NV   LG1   OOC   S   OOC ### REMARK 1DX9_SO4.pdb_PRO55_SO4_Packing_score:-1.140576_Hbond_score:0.000000
RT 0.0964131 0.579122 0.80952 0.994191 -0.0951168 -0.0503618 0.0478333 0.809673 -0.584929 3.65942 -1.32751 3.65283  
SINGLE   PRO   CG   CD   NV   LG1   OOC   S   OOC ### REMARK 1OYX_SO4.pdb_PRO446_SO4_Packing_score:-1.000049_Hbond_score:0.000000
RT -0.0875255 -0.764668 0.638453 0.894857 -0.341954 -0.286879 0.437688 0.546214 0.714198 4.33849 -2.91468 -0.828529  
SINGLE   PRO   CG   CD   NV   LG1   OOC   S   OOC ### REMARK 7P2B_SO4.pdb_PRO360_SO4_Packing_score:-1.228688_Hbond_score:0.000000
RT -0.876329 0.188616 -0.443251 0.0385517 0.944665 0.325763 0.480168 0.268387 -0.835109 -0.0721286 -2.41547 -3.25566  
SINGLE   PRO   CG   CD   NV   LG1   OOC   S   OOC ### REMARK 4P1L_SO4.pdb_PRO44_SO4_Packing_score:-1.419362_Hbond_score:0.000000
RT -0.717417 0.696643 0.000741142 0.657012 0.676958 -0.331758 -0.231618 -0.237522 -0.943364 0.118736 -3.20488 -2.22507  
SINGLE   PRO   CG   CD   NV   LG1   OOC   S   OOC ### REMARK 6OSO_SO4.pdb_PRO62_SO4_Packing_score:-1.042469_Hbond_score:0.000000
RT 0.25156 -0.652994 -0.714364 0.899772 0.429702 -0.0759373 0.356551 -0.623662 0.695641 -2.25977 -0.840866 -3.05617  
SINGLE   PRO   CG   CD   NV   LG1   OOC   S   OOC ### REMARK 1K3X_SO4.pdb_PRO1_SO4_Packing_score:-1.015193_Hbond_score:0.000000
RT 0.640886 -0.377804 0.668228 -0.76345 -0.222922 0.606176 -0.080053 -0.898649 -0.431303 0.292756 -2.83217 3.30132  
SINGLE   PRO   CG   CD   NV   LG1   Ntrp   S   OOC ### REMARK 5YBG_8SO.pdb_PRO515_8SO_Packing_score:-3.654503_Hbond_score:0.000000
RT 0.712942 0.696214 -0.0836616 0.600753 -0.544894 0.584967 0.361676 -0.467308 -0.80673 1.1668 0.331832 -4.47719  
SINGLE   PRO   CG   CD   NV   LG1   OOC   S   OOC ### REMARK 2H12_SO4.pdb_PRO221_SO4_Packing_score:-1.099273_Hbond_score:0.000000
RT 0.530888 0.0578902 0.845462 0.832437 -0.222532 -0.507472 0.158764 0.973205 -0.166329 3.17949 -1.61996 -3.87721  
SINGLE   PRO   CG   CD   NV   LG1   OOC   S   OOC ### REMARK 2X4U_MES.pdb_PRO269_MES_Packing_score:-1.647239_Hbond_score:0.000000
RT 0.671864 0.666624 0.322818 -0.714472 0.698204 0.0451895 -0.195269 -0.261006 0.945382 1.27386 0.781971 3.40153  
SINGLE   PRO   CG   CD   NV   LG1   OOC   S   OOC ### REMARK 2Q62_SO4.pdb_PRO107_SO4_Packing_score:-1.341490_Hbond_score:0.000000
RT -0.0775819 -0.986304 0.145555 0.664459 0.0576923 0.745095 -0.743287 0.154521 0.650882 4.15014 0.0116935 2.84395  
SINGLE   PRO   CG   CD   NV   LG1   OOC   S   OOC ### REMARK 4MHB_SO4.pdb_PRO153_SO4_Packing_score:-1.079327_Hbond_score:0.000000
RT -0.689533 -0.545393 0.47654 0.704709 -0.353409 0.615213 -0.16712 0.760032 0.628031 0.342828 -3.95196 -1.66818  
SINGLE   PRO   CG   CD   NV   LG1   OOC   S   OOC ### REMARK 2WJY_SO4.pdb_PRO795_SO4_Packing_score:-1.230264_Hbond_score:0.000000
RT 0.447636 0.401596 -0.798963 0.894186 -0.20828 0.396295 -0.00725724 -0.891818 -0.452336 2.90366 3.41712 2.20756  
SINGLE   PRO   CG   CD   NV   LG1   OOC   S   OOC ### REMARK 5B8A_SO4.pdb_PRO40_SO4_Packing_score:-1.486668_Hbond_score:0.000000
RT -0.14925 0.842846 0.517045 0.0438949 -0.516739 0.855017 0.987825 0.150307 0.0401268 3.89973 -2.57537 -1.36875  
SINGLE   PRO   CG   CD   NV   LG1   OOC   S   OOC ### REMARK 2ZB4_SO4.pdb_PRO298_SO4_Packing_score:-1.393719_Hbond_score:0.000000
RT -0.750496 -0.337352 -0.568286 -0.114876 -0.780218 0.614869 -0.650814 0.526739 0.546797 1.3595 -3.04288 2.92621  
SINGLE   PRO   CG   CD   NV   LG1   OOC   S   OOC ### REMARK 7XV7_SO4.pdb_PRO529_SO4_Packing_score:-1.089960_Hbond_score:0.000000
RT -0.853906 0.519242 0.0350952 -0.375858 -0.661941 0.64851 0.359964 0.540576 0.760397 -1.78715 -1.00646 -3.31558  
SINGLE   PRO   CG   CD   NV   LG1   Ntrp   S   OOC ### REMARK 6KR7_LSS.pdb_PRO53_LSS_Packing_score:-1.335534_Hbond_score:0.000000
RT -0.833636 0.465245 -0.297655 0.221115 -0.212723 -0.951765 -0.506122 -0.859242 0.074461 2.65306 4.71251 2.822  
SINGLE   PRO   CG   CD   NV   LG1   OOC   S   OOC ### REMARK 6QCD_SO4.pdb_PRO221_SO4_Packing_score:-1.026914_Hbond_score:0.000000
RT 0.761699 0.501169 -0.410664 -0.572623 0.224117 -0.78859 -0.30318 0.835824 0.457691 2.34454 3.70479 3.19336  
SINGLE   PRO   CG   CD   NV   LG1   OOC   S   OOC ### REMARK 5AJP_SO4.pdb_PRO401_SO4_Packing_score:-1.152279_Hbond_score:0.000000
RT -0.876947 0.181747 0.444896 0.0927872 -0.844286 0.527799 0.471545 0.504132 0.72353 3.97533 -3.10078 0.536361  
SINGLE   PRO   CG   CD   NV   LG1   OOC   S   OOC ### REMARK 3KUI_SO4.pdb_PRO575_SO4_Packing_score:-1.106307_Hbond_score:0.000000
RT -0.724662 -0.509166 -0.464343 -0.661914 0.701728 0.26353 0.191662 0.498325 -0.84554 -0.0858313 0.675551 -4.09749  
SINGLE   PRO   CG   CD   NV   LG1   OOC   S   OOC ### REMARK 6T4B_SO4.pdb_PRO19_SO4_Packing_score:-1.236328_Hbond_score:0.000000
RT -0.593421 0.45901 0.661181 -0.789357 -0.171272 -0.58956 -0.157372 -0.871766 0.463959 5.13393 0.386051 2.16972  
SINGLE   PRO   CG   CD   NV   LG1   OOC   S   OOC ### REMARK 6BB2_SO4.pdb_PRO271_SO4_Packing_score:-1.188657_Hbond_score:0.000000
RT -0.369756 0.76672 0.524806 0.880447 0.108703 0.461515 0.296805 0.632712 -0.71525 -0.477678 -3.65064 1.37694  
SINGLE   PRO   CG   CD   NV   LG1   OOC   S   OOC ### REMARK 1BIN_SO4.pdb_PRO38_SO4_Packing_score:-1.174001_Hbond_score:0.000000
RT -0.489631 -0.72774 -0.480267 0.557567 0.162151 -0.814142 0.670359 -0.666409 0.32637 -0.503318 -1.64168 -4.01782  
SINGLE   PRO   CG   CD   NV   LG1   OOC   S   OH ### REMARK 6XFR_EPE.pdb_PRO193_EPE_Packing_score:-1.408900_Hbond_score:0.000000
RT -0.149516 0.986881 -0.0609154 0.703735 0.14949 0.694557 0.694551 0.0609793 -0.716854 -0.634337 -0.929763 -3.74606  
SINGLE   PRO   CG   CD   NV   LG1   OOC   S   CH3 ### REMARK 6V3M_DMS.pdb_PRO125_DMS_Packing_score:-1.228286_Hbond_score:0.000000
RT -0.687698 -0.42629 -0.587663 -0.706648 0.207408 0.676484 -0.166492 0.880488 -0.443871 -0.397462 2.4114 3.69967  
SINGLE   PRO   CG   CD   NV   LG1   OOC   S   OOC ### REMARK 4B3H_SO4.pdb_PRO193_SO4_Packing_score:-1.617082_Hbond_score:0.000000
RT -0.0830832 0.10507 0.990988 -0.426933 0.894793 -0.130665 -0.900458 -0.433942 -0.0294842 1.80366 -2.16682 -3.35815  
SINGLE   PRO   CG   CD   NV   LG1   OOC   S   CH3 ### REMARK 7NTI_DMS.pdb_PRO258_DMS_Packing_score:-1.194694_Hbond_score:0.000000
RT 0.844286 0.453316 0.285808 0.175652 0.269775 -0.946767 -0.506289 0.849544 0.148142 -0.19687 -4.0883 -0.0855841  
SINGLE   PRO   CG   CD   NV   LG1   OOC   S   CH1 ### REMARK 6N96_LCV.pdb_PRO133_LCV_Packing_score:-1.607895_Hbond_score:0.000000
RT 0.986807 0.0615367 0.149749 0.134952 0.19833 -0.9708 -0.0894395 0.978202 0.187409 -0.969916 0.79662 3.69572  
SINGLE   PRO   CG   CD   NV   LG1   OOC   S   OOC ### REMARK 1Q0D_SO4.pdb_PRO5_SO4_Packing_score:-1.205657_Hbond_score:0.000000
