SINGLE   MET   CG   SD   CE   LG1   CH2   CH2   CH3 ### REMARK 4s0v_receptor_only_Z741186566_180_0.pdb_MET138_Z74_Packing_score:-1.691271_Hbond_score:0.000000
RT -0.847764 0.20283 -0.490057 -0.39198 0.382819 0.836542 0.357279 0.901282 -0.245035 -3.18703 2.42591 2.07925  
SINGLE   ASP   OD1   CG   OD2   LG1   F   aroC   aroC ### REMARK 4s0v_receptor_only_Z741186566_180_0.pdb_ASP153_Z74_Packing_score:-1.469048_Hbond_score:0.000000
RT -0.33332 0.644554 0.688076 -0.825143 -0.552498 0.117833 0.45611 -0.528485 0.716008 0.567649 -1.02634 -4.02779  
SINGLE   GLU   OE1   CD   OE2   LG1   aroC   aroC   aroC ### REMARK 4s0v_receptor_only_Z741186566_180_0.pdb_GLU154_Z74_Packing_score:-1.094846_Hbond_score:0.000000
RT 0.0847969 -0.384394 -0.919267 -0.969321 0.181793 -0.165432 0.230707 0.905093 -0.357185 3.09873 3.71735 1.20453  
SINGLE   HIS   ND1   CE1   NE2   LG1   aroC   aroC   aroC ### REMARK 4s0v_receptor_only_Z741186566_180_0.pdb_HIS166_Z74_Packing_score:-4.511311_Hbond_score:0.000000
RT -0.252839 -0.860073 -0.443111 0.961196 -0.171065 -0.216423 0.110339 -0.480636 0.869951 0.867718 -0.956962 -1.79168  
SINGLE   ILE   CG1   CB   CG2   LG1   CH2   Nhis   CH2 ### REMARK 4s0v_receptor_only_Z741186566_180_0.pdb_ILE419_Z74_Packing_score:-3.395593_Hbond_score:0.000000
RT -0.992398 -0.09393 -0.0795201 0.112149 -0.424098 -0.898645 0.0506854 -0.900732 0.431408 9.08968 0.521923 -0.468866  
SINGLE   ASN   OD1   CG   ND2   LG1   aroC   aroC   aroC ### REMARK 4s0v_receptor_only_Z741186566_180_0.pdb_ASN423_Z74_Packing_score:-6.643353_Hbond_score:0.000000
RT 0.166226 0.959789 -0.226218 -0.453305 0.278109 0.846859 0.875719 -0.0382238 0.481305 -0.164938 -1.38818 2.9746  
SINGLE   LYS   NZ   CE   CD   LG1   OOC   S   aroC ### REMARK 4s0v_receptor_only_Z741186566_180_0.pdb_LYS426_Z74_Packing_score:-2.627703_Hbond_score:-0.681403
RT 0.276227 -0.603207 -0.748224 -0.886886 -0.459947 0.043384 -0.370313 0.651606 -0.662026 2.24588 3.2918 2.43182  
SINGLE   ARG   NH1   CZ   NH2   LG1   aroC   aroC   aroC ### REMARK 4s0v_receptor_only_Z741186566_180_0.pdb_ARG427_Z74_Packing_score:-7.754199_Hbond_score:-0.619756
RT -0.476707 -0.853689 -0.209681 0.672757 -0.50783 0.538059 -0.565817 0.115433 0.816411 -1.35764 -2.57282 1.19929  
SINGLE   PHE   CE1   CZ   CE2   LG1   CH2   Nhis   CH2 ### REMARK 4s0v_receptor_only_Z741186566_180_0.pdb_PHE443_Z74_Packing_score:-1.940375_Hbond_score:0.000000
RT 0.913691 -0.249969 -0.320444 0.193826 -0.425006 0.884195 -0.357212 -0.869992 -0.339874 0.819456 -3.01342 -1.30885  
SINGLE   HIS   ND1   CE1   NE2   LG1   OH   CH1   CH1 ### REMARK 4s0v_receptor_only_Z741186566_180_0.pdb_HIS447_Z74_Packing_score:-2.866792_Hbond_score:0.000000
RT 0.292228 0.574631 0.764462 -0.210922 0.818397 -0.534545 -0.9328 -0.00503304 0.360361 -2.60921 2.87782 2.68694  
