SINGLE   VAL   CG1   CB   CG2   LG1   NH2O   COO   ONH2 ### REMARK 4s0v_receptor_only_Z1410815299_26_0.pdb_VAL65_Z14_Packing_score:-1.975674_Hbond_score:0.000000
RT -0.64429 -0.103136 0.757795 -0.440265 0.860228 -0.257244 -0.625346 -0.499371 -0.599643 3.82802 1.11208 4.30431  
SINGLE   TRP   CG   CD2   CE2   LG1   aroC   Nhis   aroC ### REMARK 4s0v_receptor_only_Z1410815299_26_0.pdb_TRP71_Z14_Packing_score:-1.250746_Hbond_score:0.000000
RT -0.0694807 -0.995983 -0.0564779 -0.778556 0.0895358 -0.621155 0.623717 0.000812893 -0.78165 -3.55265 -2.0884 1.59977  
SINGLE   ASP   OD1   CG   OD2   LG1   ONH2   Npro   OOC ### REMARK 4s0v_receptor_only_Z1410815299_26_0.pdb_ASP153_Z14_Packing_score:-1.826242_Hbond_score:0.000000
RT 0.404191 -0.782912 0.472947 0.680391 -0.0882226 -0.72752 0.611309 0.615845 0.497028 0.518764 1.60067 -2.9352  
SINGLE   ILE   CG1   CB   CG2   LG1   CH2   CH2   CH1 ### REMARK 4s0v_receptor_only_Z1410815299_26_0.pdb_ILE419_Z14_Packing_score:-1.167767_Hbond_score:0.000000
RT 0.616975 0.722665 -0.311606 0.216176 0.225093 0.950053 0.75671 -0.65352 -0.0173467 3.56351 1.17492 -3.11508  
SINGLE   HIS   ND1   CE1   NE2   LG1   CH2   CH1   CH2 ### REMARK 4s0v_receptor_only_Z1410815299_26_0.pdb_HIS447_Z14_Packing_score:-4.876343_Hbond_score:0.000000
RT -0.584481 -0.463847 -0.665753 0.524912 -0.841825 0.125689 -0.618748 -0.275999 0.73551 1.52404 3.27205 3.33913  
SINGLE   TYR   CE1   CZ   CE2   LG1   NH2O   CH1   CH2 ### REMARK 4s0v_receptor_only_Z1410815299_26_0.pdb_TYR451_Z14_Packing_score:-1.558917_Hbond_score:0.000000
RT 0.453765 -0.73827 -0.499054 0.770572 0.0438017 0.635846 -0.447566 -0.673082 0.588766 -2.24933 -0.347127 3.44992  
