SINGLE   THR   OG1   CB   CG2   LG1   F   CH1   aroC ### REMARK 4s0v_receptor_only_Z133963954_78_6.pdb_THR62_Z13_Packing_score:-1.654789_Hbond_score:0.000000
RT -0.776939 -0.465808 0.423543 -0.430698 0.883938 0.182082 -0.459201 -0.0409524 -0.887388 3.26218 1.50624 3.07375  
SINGLE   GLN   OE1   CD   NE2   LG1   aroC   aroC   CH1 ### REMARK 4s0v_receptor_only_Z133963954_78_6.pdb_GLN85_Z13_Packing_score:-1.831883_Hbond_score:0.000000
RT 0.686664 -0.463813 0.559795 -0.725571 -0.389418 0.567362 -0.045156 -0.795758 -0.603929 -0.38863 1.39242 -3.60097  
SINGLE   ASN   OD1   CG   ND2   LG1   aroC   aroC   aroC ### REMARK 4s0v_receptor_only_Z133963954_78_6.pdb_ASN423_Z13_Packing_score:-1.960516_Hbond_score:0.000000
RT -0.560988 -0.825247 0.065267 -0.815004 0.53676 -0.218306 0.145123 -0.17566 -0.973695 4.23963 4.78296 0.783605  
SINGLE   ARG   NH1   CZ   NH2   LG1   Nhis   aroC   aroC ### REMARK 4s0v_receptor_only_Z133963954_78_6.pdb_ARG427_Z13_Packing_score:-1.218727_Hbond_score:-0.003674
RT 0.785194 -0.618888 -0.0211652 -0.230641 -0.260557 -0.937505 0.574695 0.741005 -0.347328 -4.70688 0.243776 -0.120138  
SINGLE   HIS   ND1   CE1   NE2   LG1   F   CH1   F ### REMARK 4s0v_receptor_only_Z133963954_78_6.pdb_HIS447_Z13_Packing_score:-3.717633_Hbond_score:0.000000
RT 0.454811 -0.882381 0.120622 -0.612877 -0.211835 0.761255 -0.646165 -0.420154 -0.637136 -0.16565 0.0320506 3.76437  
