SINGLE   TRP   CG   CD2   CE2   LG1   OH   Phos   OH ### REMARK 4s0v_receptor_only_PV-006439055682_112_0.pdb_TRP71_PVX_Packing_score:-1.891854_Hbond_score:0.000000
RT 0.25023 -0.839257 -0.482734 -0.656152 -0.513632 0.552853 -0.711934 0.178407 -0.679206 -2.71582 -0.486373 4.25066  
SINGLE   CYS   SG   CB   CA   LG1   OOC   Phos   OH ### REMARK 4s0v_receptor_only_PV-006439055682_112_0.pdb_CYS78_PVX_Packing_score:-1.363438_Hbond_score:0.000000
RT -0.887692 0.0397074 0.458722 -0.0670391 0.974512 -0.214085 -0.455531 -0.220794 -0.862405 2.57804 3.33302 2.32422  
SINGLE   PRO   CG   CD   NV   LG1   OH   CH1   CH1 ### REMARK 4s0v_receptor_only_PV-006439055682_112_0.pdb_PRO82_PVX_Packing_score:-6.651911_Hbond_score:0.000000
RT -0.915528 -0.212289 0.341676 0.397302 -0.344342 0.850635 -0.0629273 0.914528 0.399598 3.43443 2.08327 -1.25614  
SINGLE   GLN   OE1   CD   NE2   LG1   CH1   aroC   aroC ### REMARK 4s0v_receptor_only_PV-006439055682_112_0.pdb_GLN85_PVX_Packing_score:-2.412653_Hbond_score:0.000000
RT -0.788034 -0.398853 0.468956 -0.607525 0.380611 -0.697172 0.0995794 -0.834297 -0.542247 0.925094 -1.84733 -2.04669  
SINGLE   THR   OG1   CB   CG2   LG1   aroC   aroC   aroC ### REMARK 4s0v_receptor_only_PV-006439055682_112_0.pdb_THR86_PVX_Packing_score:-5.081564_Hbond_score:0.000000
RT 0.036326 -0.599759 0.799356 0.963422 0.233539 0.131443 -0.265515 0.765342 0.586304 -0.51029 -0.604863 -0.780124  
SINGLE   MET   CG   SD   CE   LG1   CH3   OH   aroC ### REMARK 4s0v_receptor_only_PV-006439055682_112_0.pdb_MET131_PVX_Packing_score:-3.373867_Hbond_score:0.000000
RT -0.633072 -0.313134 0.707932 -0.341831 -0.707447 -0.618604 0.69453 -0.633614 0.340825 -1.58826 -0.854761 -0.701386  
SINGLE   GLN   OE1   CD   NE2   LG1   Oaro   CH1   CH1 ### REMARK 4s0v_receptor_only_PV-006439055682_112_0.pdb_GLN134_PVX_Packing_score:-11.332248_Hbond_score:0.000000
RT 0.842606 0.323406 0.430609 -0.158018 -0.615926 0.771794 0.514826 -0.718362 -0.467878 -0.304336 0.837269 -1.22882  
SINGLE   MET   CG   SD   CE   LG1   OH   Phos   OH ### REMARK 4s0v_receptor_only_PV-006439055682_112_0.pdb_MET138_PVX_Packing_score:-7.590079_Hbond_score:0.000000
RT -0.220056 -0.342949 -0.913215 -0.27727 -0.87556 0.395622 -0.935252 0.340266 0.0975826 0.292655 4.24752 1.60903  
SINGLE   CYS   SG   CB   CA   LG1   OH   Phos   OH ### REMARK 4s0v_receptor_only_PV-006439055682_112_0.pdb_CYS152_PVX_Packing_score:-2.620568_Hbond_score:0.000000
RT -0.148155 0.605779 -0.781717 0.907485 0.397456 0.136011 0.393091 -0.689246 -0.608621 2.70462 -0.645986 -2.04904  
SINGLE   GLU   OE1   CD   OE2   LG1   COO   Nhis   CH1 ### REMARK 4s0v_receptor_only_PV-006439055682_112_0.pdb_GLU154_PVX_Packing_score:-4.055247_Hbond_score:0.000000
RT -0.621706 0.34502 0.703167 0.783215 0.282471 0.553881 -0.00752424 0.895082 -0.445839 -0.367202 0.745513 2.14214  
SINGLE   TYR   CE1   CZ   CE2   LG1   aroC   aroC   aroC ### REMARK 4s0v_receptor_only_PV-006439055682_112_0.pdb_TYR165_PVX_Packing_score:-3.065589_Hbond_score:0.000000
RT 0.795029 -0.588753 -0.14594 -0.25089 -0.538234 0.804586 -0.552252 -0.603054 -0.575624 -3.73656 -1.43774 0.338312  
SINGLE   HIS   ND1   CE1   NE2   LG1   COO   Nhis   CH1 ### REMARK 4s0v_receptor_only_PV-006439055682_112_0.pdb_HIS166_PVX_Packing_score:-1.481933_Hbond_score:0.000000
RT 0.430289 0.184359 0.883664 -0.711662 -0.532941 0.457723 0.555327 -0.825824 -0.0981175 -3.75733 -0.922775 -0.309629  
SINGLE   PHE   CE1   CZ   CE2   LG1   aroC   aroC   aroC ### REMARK 4s0v_receptor_only_PV-006439055682_112_0.pdb_PHE169_PVX_Packing_score:-4.205372_Hbond_score:0.000000
RT -0.2621 -0.126115 0.956765 -0.431908 -0.871258 -0.233163 0.862994 -0.474347 0.173886 -2.42342 2.22846 -2.11642  
SINGLE   ILE   CG1   CB   CG2   LG1   OOC   COO   aroC ### REMARK 4s0v_receptor_only_PV-006439055682_112_0.pdb_ILE419_PVX_Packing_score:-1.369743_Hbond_score:0.000000
RT -0.757021 0.53257 -0.378534 0.382642 0.830955 0.403856 0.529626 0.160884 -0.832834 5.8481 1.1075 -0.879551  
SINGLE   ASN   OD1   CG   ND2   LG1   Ntrp   COO   aroC ### REMARK 4s0v_receptor_only_PV-006439055682_112_0.pdb_ASN423_PVX_Packing_score:-3.140964_Hbond_score:-1.033715
RT -0.548963 -0.424855 0.719818 0.418711 0.605559 0.676742 -0.723409 0.672902 -0.154538 3.77826 0.885567 1.74823  
SINGLE   LYS   NZ   CE   CD   LG1   ONH2   COO   aroC ### REMARK 4s0v_receptor_only_PV-006439055682_112_0.pdb_LYS426_PVX_Packing_score:-1.163332_Hbond_score:-0.693338
RT -0.52202 0.174193 -0.834956 -0.725806 -0.604893 0.327582 -0.447997 0.777021 0.442196 2.71403 2.30991 2.88491  
SINGLE   ARG   NH1   CZ   NH2   LG1   CH1   CH1   CH1 ### REMARK 4s0v_receptor_only_PV-006439055682_112_0.pdb_ARG427_PVX_Packing_score:-3.241319_Hbond_score:-0.249194
RT 0.806918 0.488486 0.33206 0.0753551 0.472452 -0.878129 -0.585836 0.733601 0.344421 -6.75206 0.736437 5.37504  
SINGLE   HIS   ND1   CE1   NE2   LG1   OOC   COO   aroC ### REMARK 4s0v_receptor_only_PV-006439055682_112_0.pdb_HIS447_PVX_Packing_score:-1.775075_Hbond_score:0.000000
RT 0.105958 -0.932858 0.34431 -0.114171 0.332556 0.936147 -0.987794 -0.138503 -0.0712681 -1.42084 2.88039 3.29017  
