SINGLE   THR   OG1   CB   CG2   LG1   aroC   aroC   OH ### REMARK 5ws3_trimmed_aligned.pdb_THR111_7MA_Packing_score:-1.436090_Hbond_score:0.000000
RT -0.157006 -0.969022 0.190645 0.12773 -0.211342 -0.96903 0.979303 -0.127792 0.156955 2.56404 4.3033 -0.911608  
SINGLE   PRO   CG   CD   NV   LG1   OOC   S   Nhis ### REMARK 5ws3_trimmed_aligned.pdb_PRO131_7MA_Packing_score:-2.689828_Hbond_score:0.000000
RT -0.819839 0.470711 0.32603 0.547454 0.811239 0.205394 -0.167807 0.346876 -0.922777 4.51084 3.07413 1.20696  
SINGLE   GLN   OE1   CD   NE2   LG1   aroC   Nhis   aroC ### REMARK 5ws3_trimmed_aligned.pdb_GLN134_7MA_Packing_score:-3.665755_Hbond_score:0.000000
RT -0.535272 0.280291 0.796819 -0.80681 -0.448949 -0.384061 0.250082 -0.848459 0.466451 -1.64633 -0.75066 -3.31056  
SINGLE   THR   OG1   CB   CG2   LG1   OOC   S   Nhis ### REMARK 5ws3_trimmed_aligned.pdb_THR135_7MA_Packing_score:-1.017378_Hbond_score:0.000000
RT 0.270203 -0.959089 0.0844845 -0.86449 -0.280306 -0.417237 0.423849 0.0397028 -0.904862 -0.758751 5.7136 2.00484  
SINGLE   GLN   OE1   CD   NE2   LG1   OOC   S   Nhis ### REMARK 5ws3_trimmed_aligned.pdb_GLN187_7MA_Packing_score:-1.188779_Hbond_score:0.000000
RT 0.383197 0.845928 -0.370899 0.052263 0.38105 0.923076 0.922187 -0.373104 0.101807 -2.72674 1.48056 -4.64397  
SINGLE   PHE   CE1   CZ   CE2   LG1   aroC   aroC   aroC ### REMARK 5ws3_trimmed_aligned.pdb_PHE227_7MA_Packing_score:-2.768341_Hbond_score:0.000000
RT -0.758781 -0.385177 -0.525252 -0.108216 -0.720653 0.684798 -0.642293 0.576453 0.505136 3.19929 -2.54103 -1.79385  
SINGLE   ILE   CG1   CB   CG2   LG1   aroC   Nhis   aroC ### REMARK 5ws3_trimmed_aligned.pdb_ILE320_7MA_Packing_score:-4.768509_Hbond_score:0.000000
RT -0.828459 0.367405 0.422694 0.186464 -0.530734 0.826772 0.528098 0.763764 0.371183 2.64671 4.27683 -0.100412  
SINGLE   ASN   OD1   CG   ND2   LG1   CH2   aroC   aroC ### REMARK 5ws3_trimmed_aligned.pdb_ASN324_7MA_Packing_score:-2.516480_Hbond_score:0.000000
RT 0.791449 0.611216 -0.00483946 0.0778813 -0.0929874 0.992617 0.606253 -0.785983 -0.121197 -1.18366 -0.624703 -4.34642  
SINGLE   HIS   ND1   CE1   NE2   LG1   aroC   aroC   OH ### REMARK 5ws3_trimmed_aligned.pdb_HIS350_7MA_Packing_score:-2.783898_Hbond_score:0.000000
RT -0.642465 0.690526 0.332285 -0.749481 -0.475819 -0.460298 -0.15974 -0.544766 0.823233 1.12024 3.02592 3.47522  
SINGLE   VAL   CG1   CB   CG2   LG1   CH3   OH   aroC ### REMARK 5ws3_trimmed_aligned.pdb_VAL353_7MA_Packing_score:-1.052472_Hbond_score:0.000000
RT 0.485766 0.616314 0.619829 -0.14232 0.755419 -0.639599 -0.862425 0.222482 0.454671 0.207007 -0.347245 4.93004  
SINGLE   TYR   CE1   CZ   CE2   LG1   CH3   OH   aroC ### REMARK 5ws3_trimmed_aligned.pdb_TYR354_7MA_Packing_score:-1.646430_Hbond_score:0.000000
RT 0.998521 0.0288121 0.046108 0.0478881 -0.867625 -0.494908 0.0257451 0.496384 -0.867721 -2.44343 0.137093 3.25344  
