SINGLE   GLN   OE1   CD   NE2   LG1   Br   aroC   Nhis ### REMARK 4s0v_receptor_only_Z2169713547_69_27.pdb_GLN85_Z21_Packing_score:-3.055392_Hbond_score:0.000000
RT 0.224469 -0.260705 -0.93896 0.168718 0.959395 -0.226044 0.959765 -0.107679 0.25934 -3.22719 -2.91384 -1.76375  
SINGLE   THR   OG1   CB   CG2   LG1   Br   aroC   Nhis ### REMARK 4s0v_receptor_only_Z2169713547_69_27.pdb_THR86_Z21_Packing_score:-1.640130_Hbond_score:0.000000
RT 0.45095 -0.892444 -0.0136899 -0.846631 -0.422844 -0.323141 0.282596 0.157311 -0.946252 -2.20461 3.4422 1.88659  
SINGLE   ASN   OD1   CG   ND2   LG1   Nhis   aroC   aroC ### REMARK 4s0v_receptor_only_Z2169713547_69_27.pdb_ASN423_Z21_Packing_score:-1.656108_Hbond_score:0.000000
RT 0.652626 -0.517457 -0.553459 -0.711897 -0.668849 -0.214112 -0.259386 0.533741 -0.804884 0.672901 4.35123 2.22074  
SINGLE   HIS   ND1   CE1   NE2   LG1   Nhis   Oaro   Nhis ### REMARK 4s0v_receptor_only_Z2169713547_69_27.pdb_HIS447_Z21_Packing_score:-2.445560_Hbond_score:0.000000
RT -0.0152646 0.748964 -0.662435 -0.426935 0.5942 0.681654 0.904153 0.293222 0.310689 0.473951 1.40718 3.24704  
