SINGLE   THR   OG1   CB   CG2   LG1   aroC   aroC   OH ### REMARK 6tpg_trimmed_aligned.pdb_THR111_7MA_Packing_score:-1.295268_Hbond_score:0.000000
RT -0.239085 -0.968028 0.0758938 0.104139 -0.103273 -0.989186 0.965398 -0.228596 0.125501 2.96542 4.17991 -0.519473  
SINGLE   PRO   CG   CD   NV   LG1   OOC   S   Nhis ### REMARK 6tpg_trimmed_aligned.pdb_PRO131_7MA_Packing_score:-2.018084_Hbond_score:0.000000
RT -0.755476 0.415565 0.50652 0.625345 0.687991 0.368255 -0.195447 0.594958 -0.779632 4.59271 3.01055 2.02528  
SINGLE   GLN   OE1   CD   NE2   LG1   Nhis   aroC   OH ### REMARK 6tpg_trimmed_aligned.pdb_GLN134_7MA_Packing_score:-2.938528_Hbond_score:0.000000
RT -0.451204 0.354549 -0.818969 0.0376891 0.924445 0.379448 0.891625 0.140342 -0.430476 -1.33037 -1.40787 -4.62986  
SINGLE   VAL   CG1   CB   CG2   LG1   aroC   Nhis   aroC ### REMARK 6tpg_trimmed_aligned.pdb_VAL138_7MA_Packing_score:-1.276170_Hbond_score:0.000000
RT 0.88357 0.444784 -0.146533 -0.262548 0.211386 -0.94148 -0.38778 0.870335 0.303551 1.14513 3.42993 2.53213  
SINGLE   PHE   CE1   CZ   CE2   LG1   aroC   aroC   aroC ### REMARK 6tpg_trimmed_aligned.pdb_PHE227_7MA_Packing_score:-3.086930_Hbond_score:0.000000
RT 0.154102 -0.213843 0.964637 -0.637244 -0.767623 -0.0683681 0.755098 -0.604173 -0.254562 -4.00616 1.54891 1.01363  
SINGLE   ILE   CG1   CB   CG2   LG1   aroC   Nhis   aroC ### REMARK 6tpg_trimmed_aligned.pdb_ILE320_7MA_Packing_score:-4.916040_Hbond_score:0.000000
RT -0.812317 0.30868 0.494832 0.281292 -0.535882 0.796056 0.510898 0.785842 0.348477 2.59017 4.38004 -0.463012  
SINGLE   ASN   OD1   CG   ND2   LG1   CH2   aroC   aroC ### REMARK 6tpg_trimmed_aligned.pdb_ASN324_7MA_Packing_score:-2.372823_Hbond_score:0.000000
RT 0.674378 0.733957 0.0807595 0.0152232 -0.12317 0.992269 0.738229 -0.667935 -0.0942362 -0.406542 -0.902683 -4.55978  
SINGLE   HIS   ND1   CE1   NE2   LG1   aroC   aroC   OH ### REMARK 6tpg_trimmed_aligned.pdb_HIS350_7MA_Packing_score:-3.014121_Hbond_score:0.000000
RT -0.510632 0.77163 0.379265 -0.806678 -0.27731 -0.521891 -0.297533 -0.572439 0.76406 1.03588 2.49644 3.63194  
SINGLE   TYR   CE1   CZ   CE2   LG1   CH3   OH   aroC ### REMARK 6tpg_trimmed_aligned.pdb_TYR354_7MA_Packing_score:-1.541373_Hbond_score:0.000000
RT 0.994367 0.0916822 0.0531847 0.10596 -0.87219 -0.477553 0.00260415 0.480498 -0.876992 -2.74549 -0.0282039 3.155  
