SINGLE   THR   OG1   CB   CG2   LG1   aroC   aroC   aroC ### REMARK 6tpj_trimmed_aligned.pdb_THR111_SUV_Packing_score:-2.194165_Hbond_score:0.000000
RT -0.790794 0.0244682 -0.611594 -0.46268 0.630255 0.623462 0.400715 0.776002 -0.487081 5.18334 0.286301 1.01848  
SINGLE   ILE   CG1   CB   CG2   LG1   aroC   aroC   aroC ### REMARK 6tpj_trimmed_aligned.pdb_ILE130_SUV_Packing_score:-1.025435_Hbond_score:0.000000
RT 0.563805 -0.747122 -0.352039 0.220872 -0.274325 0.935928 -0.795826 -0.605437 0.0103527 -3.59006 3.68632 0.21922  
SINGLE   PRO   CG   CD   NV   LG1   Oaro   aroC   aroC ### REMARK 6tpj_trimmed_aligned.pdb_PRO131_SUV_Packing_score:-2.086808_Hbond_score:0.000000
RT 0.349715 -0.733665 0.582611 0.56207 0.661832 0.49604 -0.749517 0.153996 0.643824 2.83521 2.76116 2.98226  
SINGLE   GLN   OE1   CD   NE2   LG1   aroC   aroC   aroC ### REMARK 6tpj_trimmed_aligned.pdb_GLN134_SUV_Packing_score:-5.179328_Hbond_score:0.000000
RT -0.892358 -0.417529 0.171368 0.272995 -0.8017 -0.531743 0.359404 -0.427722 0.829387 -0.849757 0.217348 -3.41635  
SINGLE   THR   OG1   CB   CG2   LG1   CH2   Nhis   CH2 ### REMARK 6tpj_trimmed_aligned.pdb_THR135_SUV_Packing_score:-1.334940_Hbond_score:0.000000
RT -0.290027 -0.0274331 0.956625 -0.93399 0.226073 -0.276682 -0.208676 -0.973724 -0.0911895 -0.784345 5.62909 1.66494  
SINGLE   GLN   OE1   CD   NE2   LG1   CH1   CH2   CH2 ### REMARK 6tpj_trimmed_aligned.pdb_GLN187_SUV_Packing_score:-1.831782_Hbond_score:0.000000
RT 0.574234 -0.817851 -0.0370768 0.340985 0.19775 0.919034 -0.744301 -0.540384 0.39243 1.01446 2.50799 -2.73734  
SINGLE   PHE   CE1   CZ   CE2   LG1   Nhis   aroC   aroC ### REMARK 6tpj_trimmed_aligned.pdb_PHE227_SUV_Packing_score:-1.665849_Hbond_score:0.000000
RT -0.315479 -0.664527 -0.677405 -0.25998 -0.626019 0.735194 -0.912625 0.40805 0.0247324 2.50866 -3.06667 -1.74834  
SINGLE   ILE   CG1   CB   CG2   LG1   Nhis   aroC   aroC ### REMARK 6tpj_trimmed_aligned.pdb_ILE320_SUV_Packing_score:-3.276178_Hbond_score:0.000000
RT 0.571841 -0.162393 0.804131 -0.709708 0.393723 0.584206 -0.411476 -0.904771 0.109895 2.37371 3.9082 0.377506  
SINGLE   ASN   OD1   CG   ND2   LG1   ONH2   COO   aroC ### REMARK 6tpj_trimmed_aligned.pdb_ASN324_SUV_Packing_score:-2.831511_Hbond_score:-0.523826
RT 0.49153 0.31852 0.81052 -0.844125 0.403103 0.353497 -0.214127 -0.857935 0.467008 0.531538 4.38804 0.634872  
SINGLE   HIS   ND1   CE1   NE2   LG1   aroC   aroC   CH3 ### REMARK 6tpj_trimmed_aligned.pdb_HIS350_SUV_Packing_score:-2.725718_Hbond_score:0.000000
RT -0.961871 -0.118015 -0.246732 -0.043263 -0.825108 0.563317 -0.27006 0.552512 0.788541 0.419305 4.45788 2.33251  
SINGLE   VAL   CG1   CB   CG2   LG1   aroC   aroC   aroC ### REMARK 6tpj_trimmed_aligned.pdb_VAL353_SUV_Packing_score:-1.319524_Hbond_score:0.000000
RT 0.0669538 -0.17409 0.982451 0.790752 0.609736 0.0541556 -0.608463 0.77325 0.178486 1.82211 0.817467 4.32014  
SINGLE   TYR   CE1   CZ   CE2   LG1   aroC   aroC   CH3 ### REMARK 6tpj_trimmed_aligned.pdb_TYR354_SUV_Packing_score:-1.297820_Hbond_score:0.000000
RT -0.49353 -0.778179 0.388413 -0.44144 -0.160662 -0.88279 0.749372 -0.607145 -0.264228 -3.01945 -1.60348 3.5959  
