SINGLE   VAL   CG1   CB   CG2   LG1   OOC   S   OOC ### REMARK 7sqo_trimmed_aligned.pdb_VAL114_A6F_Packing_score:-1.502018_Hbond_score:0.000000
RT -0.232561 -0.952097 -0.198559 -0.943748 0.171571 0.282671 -0.235063 0.253128 -0.938441 2.91615 1.7022 3.42839  
SINGLE   GLN   OE1   CD   NE2   LG1   Ntrp   S   OOC ### REMARK 7sqo_trimmed_aligned.pdb_GLN134_A6F_Packing_score:-4.706892_Hbond_score:-0.920284
RT 0.0517414 0.376426 -0.925001 -0.956308 -0.248205 -0.154499 -0.287747 0.892579 0.347137 2.78729 3.46784 0.776654  
SINGLE   THR   OG1   CB   CG2   LG1   CH2   Nhis   CH1 ### REMARK 7sqo_trimmed_aligned.pdb_THR135_A6F_Packing_score:-2.770937_Hbond_score:0.000000
RT 0.525475 0.509434 -0.681435 -0.787155 -0.0128722 -0.616621 -0.3229 0.860413 0.394239 -2.05761 5.66025 0.40849  
SINGLE   VAL   CG1   CB   CG2   LG1   aroC   aroC   aroC ### REMARK 7sqo_trimmed_aligned.pdb_VAL138_A6F_Packing_score:-3.419444_Hbond_score:0.000000
RT 0.819157 -0.18435 -0.543137 -0.495219 0.250436 -0.83189 0.28938 0.950419 0.113853 3.1358 0.526097 2.61116  
SINGLE   GLN   OE1   CD   NE2   LG1   CH2   CH2   CH1 ### REMARK 7sqo_trimmed_aligned.pdb_GLN187_A6F_Packing_score:-1.144136_Hbond_score:0.000000
RT -0.696659 0.0627942 0.714649 -0.220616 0.929137 -0.296703 -0.682638 -0.364364 -0.633438 2.2392 3.3131 3.43239  
SINGLE   PHE   CE1   CZ   CE2   LG1   aroC   aroC   aroC ### REMARK 7sqo_trimmed_aligned.pdb_PHE227_A6F_Packing_score:-1.813066_Hbond_score:0.000000
RT 0.0387985 0.450942 0.89171 -0.849749 0.48442 -0.208 -0.525758 -0.749659 0.401982 -4.33565 -0.124222 -0.327174  
SINGLE   THR   OG1   CB   CG2   LG1   aroC   aroC   aroC ### REMARK 7sqo_trimmed_aligned.pdb_THR231_A6F_Packing_score:-1.290731_Hbond_score:0.000000
RT 0.677568 0.659307 0.325908 -0.521529 0.118277 0.844996 0.518565 -0.742512 0.423989 1.59469 3.23807 -2.4012  
SINGLE   ILE   CG1   CB   CG2   LG1   aroC   aroC   aroC ### REMARK 7sqo_trimmed_aligned.pdb_ILE320_A6F_Packing_score:-1.727451_Hbond_score:0.000000
RT 0.384043 -0.697907 -0.604514 -0.161291 -0.695363 0.700325 -0.909118 -0.171452 -0.379615 -2.1951 4.15981 -1.64097  
SINGLE   ASN   OD1   CG   ND2   LG1   ONH2   COO   OH ### REMARK 7sqo_trimmed_aligned.pdb_ASN324_A6F_Packing_score:-2.473190_Hbond_score:-0.005054
RT -0.298706 -0.092643 -0.949838 -0.946378 -0.0995845 0.307331 -0.123061 0.990707 -0.0579288 0.342708 3.98542 -1.79423  
SINGLE   HIS   ND1   CE1   NE2   LG1   CH2   CH1   OH ### REMARK 7sqo_trimmed_aligned.pdb_HIS350_A6F_Packing_score:-1.793098_Hbond_score:0.000000
RT 0.750514 -0.451272 -0.482787 -0.156856 -0.831315 0.533209 -0.64197 -0.324452 -0.694698 -3.00132 5.16569 0.979514  
