SINGLE   THR   OG1   CB   CG2   LG1   aroC   aroC   aroC ### REMARK 4s0v_receptor_only_Z1208170038_187_22.pdb_THR62_Z12_Packing_score:-2.846685_Hbond_score:0.000000
RT -0.983068 0.136962 0.121735 0.164387 0.952694 0.255638 -0.0809631 0.271321 -0.959078 1.3234 0.459422 4.18032  
SINGLE   VAL   CG1   CB   CG2   LG1   aroC   aroC   aroC ### REMARK 4s0v_receptor_only_Z1208170038_187_22.pdb_VAL65_Z12_Packing_score:-4.130383_Hbond_score:0.000000
RT 0.0133166 0.965318 -0.260739 -0.836337 -0.132171 -0.532045 -0.548054 0.22515 0.805571 -0.14961 1.17193 2.98613  
SINGLE   ASP   OD1   CG   OD2   LG1   Cl   aroC   aroC ### REMARK 4s0v_receptor_only_Z1208170038_187_22.pdb_ASP66_Z12_Packing_score:-1.500877_Hbond_score:0.000000
RT -0.558542 -0.580339 0.592653 -0.516345 -0.315919 -0.795979 0.649168 -0.750601 -0.123201 3.14092 0.0223065 -2.53123  
SINGLE   TRP   CG   CD2   CE2   LG1   OOC   S   Ntrp ### REMARK 4s0v_receptor_only_Z1208170038_187_22.pdb_TRP71_Z12_Packing_score:-2.121346_Hbond_score:0.000000
RT -0.239284 -0.925124 0.294769 0.667493 0.0637362 0.741883 -0.705121 0.374277 0.602263 -4.60126 -2.167 2.53948  
SINGLE   ILE   CG1   CB   CG2   LG1   OOC   S   Ntrp ### REMARK 4s0v_receptor_only_Z1208170038_187_22.pdb_ILE81_Z12_Packing_score:-1.028300_Hbond_score:0.000000
RT 0.91995 -0.387764 -0.0577105 0.00532998 0.159565 -0.987173 0.391999 0.907842 0.148859 -3.95755 1.58372 -3.45184  
SINGLE   PRO   CG   CD   NV   LG1   OOC   S   Ntrp ### REMARK 4s0v_receptor_only_Z1208170038_187_22.pdb_PRO82_Z12_Packing_score:-2.032673_Hbond_score:0.000000
RT 0.47351 0.430686 0.768309 -0.720707 0.690902 0.0568782 -0.50633 -0.580658 0.637547 2.56026 -0.0545069 3.91573  
SINGLE   GLN   OE1   CD   NE2   LG1   OH   aroC   aroC ### REMARK 4s0v_receptor_only_Z1208170038_187_22.pdb_GLN85_Z12_Packing_score:-2.992974_Hbond_score:0.000000
RT -0.158105 0.966741 -0.201033 0.945412 0.206962 0.25172 0.284955 -0.150261 -0.94669 2.03164 -4.26871 -4.408  
SINGLE   ILE   CG1   CB   CG2   LG1   aroC   aroC   aroC ### REMARK 4s0v_receptor_only_Z1208170038_187_22.pdb_ILE419_Z12_Packing_score:-1.986697_Hbond_score:0.000000
RT 0.533704 -0.353372 0.768302 -0.707392 0.311306 0.634574 -0.463418 -0.882166 -0.0838276 4.5942 2.01195 -0.627593  
SINGLE   HIS   ND1   CE1   NE2   LG1   Cl   aroC   aroC ### REMARK 4s0v_receptor_only_Z1208170038_187_22.pdb_HIS447_Z12_Packing_score:-3.725962_Hbond_score:0.000000
RT -0.326424 0.906227 -0.268701 -0.909816 -0.378311 -0.170636 -0.256287 0.188768 0.947989 0.73738 1.13182 3.31759  
SINGLE   TYR   CE1   CZ   CE2   LG1   OH   aroC   aroC ### REMARK 4s0v_receptor_only_Z1208170038_187_22.pdb_TYR451_Z12_Packing_score:-1.499829_Hbond_score:0.000000
RT 0.746666 -0.102015 -0.65733 0.632306 0.415738 0.653721 0.206588 -0.903745 0.374923 -5.31083 -4.08534 1.25989  
