SINGLE   CYS   SG   CB   CA   LG1   aroC   aroC   Nhis ### REMARK 7l1v_trimmed_aligned.pdb_CYS107_XGD_Packing_score:-1.371811_Hbond_score:0.000000
RT 0.691378 0.51608 -0.505626 0.721642 -0.527218 0.448635 -0.0350432 -0.675058 -0.736932 2.87543 -2.37284 -2.84095  
SINGLE   THR   OG1   CB   CG2   LG1   aroC   aroC   OH ### REMARK 7l1v_trimmed_aligned.pdb_THR111_XGD_Packing_score:-2.125489_Hbond_score:0.000000
RT -0.422079 0.644643 -0.637404 0.744956 -0.154038 -0.649086 -0.516613 -0.748804 -0.415215 2.80053 1.14668 3.04746  
SINGLE   VAL   CG1   CB   CG2   LG1   CH3   Nhis   CH3 ### REMARK 7l1v_trimmed_aligned.pdb_VAL114_XGD_Packing_score:-3.056816_Hbond_score:0.000000
RT -0.828424 0.482078 0.285156 -0.126331 0.335172 -0.933649 -0.545668 -0.809481 -0.216763 5.57112 -1.79611 -0.538166  
SINGLE   TRP   CG   CD2   CE2   LG1   OOC   S   OOC ### REMARK 7l1v_trimmed_aligned.pdb_TRP120_XGD_Packing_score:-1.131513_Hbond_score:0.000000
RT -0.494825 0.853381 0.163977 0.281411 0.335893 -0.898879 -0.822166 -0.398643 -0.406359 -4.57877 -3.5002 1.71665  
SINGLE   PRO   CG   CD   NV   LG1   aroC   aroC   CH2 ### REMARK 7l1v_trimmed_aligned.pdb_PRO131_XGD_Packing_score:-1.690531_Hbond_score:0.000000
RT -0.761676 -0.102984 -0.639722 0.14163 0.936955 -0.319463 0.63229 -0.333931 -0.69907 5.73302 1.59659 0.437743  
SINGLE   GLN   OE1   CD   NE2   LG1   aroC   OH   CH3 ### REMARK 7l1v_trimmed_aligned.pdb_GLN134_XGD_Packing_score:-3.583034_Hbond_score:-1.494007
RT 0.544485 -0.0253541 -0.838387 0.779927 -0.352476 0.517178 -0.308624 -0.935477 -0.172144 1.95339 2.07705 -2.10268  
SINGLE   THR   OG1   CB   CG2   LG1   aroC   Nhis   Nhis ### REMARK 7l1v_trimmed_aligned.pdb_THR135_XGD_Packing_score:-1.569984_Hbond_score:0.000000
RT -0.0267295 -0.994088 -0.105237 -0.0561705 0.106602 -0.992714 0.998063 -0.0206235 -0.0586878 -3.99224 1.85156 1.28324  
SINGLE   VAL   CG1   CB   CG2   LG1   aroC   aroC   Nhis ### REMARK 7l1v_trimmed_aligned.pdb_VAL138_XGD_Packing_score:-2.006319_Hbond_score:0.000000
RT -0.564105 0.808624 -0.167072 -0.704484 -0.365796 0.60819 0.430683 0.460783 0.77601 -0.0577888 3.74317 2.69887  
SINGLE   MET   CG   SD   CE   LG1   aroC   aroC   aroC ### REMARK 7l1v_trimmed_aligned.pdb_MET191_XGD_Packing_score:-1.200664_Hbond_score:0.000000
RT -0.122497 0.615566 -0.778507 -0.813724 0.386791 0.433873 0.568197 0.686638 0.45352 -2.35408 3.94107 1.97538  
SINGLE   PHE   CE1   CZ   CE2   LG1   aroC   aroC   aroC ### REMARK 7l1v_trimmed_aligned.pdb_PHE227_XGD_Packing_score:-1.423079_Hbond_score:0.000000
RT 0.0560847 0.0865234 0.99467 0.564977 -0.824145 0.0398336 0.823199 0.559731 -0.0951056 -4.21386 -0.48764 -0.884246  
SINGLE   ILE   CG1   CB   CG2   LG1   aroC   aroC   aroC ### REMARK 7l1v_trimmed_aligned.pdb_ILE320_XGD_Packing_score:-1.858620_Hbond_score:0.000000
RT 0.935825 0.0908666 -0.340552 -0.255239 -0.491621 -0.832564 -0.243074 0.866056 -0.436878 2.44877 4.29202 0.62332  
SINGLE   ASN   OD1   CG   ND2   LG1   aroC   aroC   aroC ### REMARK 7l1v_trimmed_aligned.pdb_ASN324_XGD_Packing_score:-1.565273_Hbond_score:0.000000
RT -0.599619 -0.216572 0.770424 0.788204 0.00682478 0.615376 -0.138531 0.976243 0.166611 -0.221635 -1.15844 3.67134  
SINGLE   TYR   CE1   CZ   CE2   LG1   COO   Nhis   CH3 ### REMARK 7l1v_trimmed_aligned.pdb_TYR343_XGD_Packing_score:-4.169135_Hbond_score:0.000000
RT -0.599443 -0.735234 -0.316385 0.800169 -0.5406 -0.259771 0.019955 -0.40888 0.91237 0.0490973 0.0437807 3.89802  
SINGLE   HIS   ND1   CE1   NE2   LG1   aroC   COO   ONH2 ### REMARK 7l1v_trimmed_aligned.pdb_HIS350_XGD_Packing_score:-4.030194_Hbond_score:0.000000
RT 0.131503 0.71477 -0.686885 0.612299 -0.603493 -0.510769 -0.779613 -0.353411 -0.517015 -4.29155 1.98831 -0.342943  
