SINGLE   THR   OG1   CB   CG2   LG1   ONH2   COO   aroC ### REMARK 4s0v_receptor_only_PV-004289409993_14_98.pdb_THR62_PVX_Packing_score:-2.832730_Hbond_score:0.000000
RT 0.204872 -0.236947 -0.949676 -0.912863 -0.396317 -0.098048 -0.35314 0.887011 -0.297494 2.22866 2.5762 1.94131  
SINGLE   VAL   CG1   CB   CG2   LG1   CH1   CH1   CH1 ### REMARK 4s0v_receptor_only_PV-004289409993_14_98.pdb_VAL65_PVX_Packing_score:-2.112933_Hbond_score:0.000000
RT -0.426918 -0.86925 -0.249291 0.228021 -0.370246 0.900513 -0.87507 0.327602 0.356272 2.90405 -1.0919 8.42092  
SINGLE   CYS   SG   CB   CA   LG1   OH   Phos   OH ### REMARK 4s0v_receptor_only_PV-004289409993_14_98.pdb_CYS78_PVX_Packing_score:-1.947302_Hbond_score:0.000000
RT -0.977109 0.17696 -0.118085 -0.0459657 0.366343 0.929344 0.207716 0.913498 -0.349823 4.18998 1.84925 0.553107  
SINGLE   PRO   CG   CD   NV   LG1   CH1   aroC   aroC ### REMARK 4s0v_receptor_only_PV-004289409993_14_98.pdb_PRO82_PVX_Packing_score:-2.334350_Hbond_score:0.000000
RT 0.461566 0.825304 -0.325316 0.548283 0.0228863 0.835979 0.697382 -0.564225 -0.441937 2.40947 2.15934 0.223348  
SINGLE   GLN   OE1   CD   NE2   LG1   aroC   aroC   aroC ### REMARK 4s0v_receptor_only_PV-004289409993_14_98.pdb_GLN85_PVX_Packing_score:-7.865216_Hbond_score:0.000000
RT -0.317261 0.254559 0.913534 -0.130946 -0.965832 0.223656 0.939254 -0.0486666 0.339754 -1.02779 -1.15575 -2.24479  
SINGLE   THR   OG1   CB   CG2   LG1   CH3   OH   aroC ### REMARK 4s0v_receptor_only_PV-004289409993_14_98.pdb_THR86_PVX_Packing_score:-1.417232_Hbond_score:0.000000
RT 0.891292 -0.0551481 -0.450064 -0.250628 0.76725 -0.59035 0.377868 0.638973 0.670022 -2.44173 0.601756 2.84791  
SINGLE   VAL   CG1   CB   CG2   LG1   CH3   OH   aroC ### REMARK 4s0v_receptor_only_PV-004289409993_14_98.pdb_VAL89_PVX_Packing_score:-1.666853_Hbond_score:0.000000
RT -0.93406 -0.349711 0.0723477 -0.333757 0.926927 0.171498 -0.127036 0.136042 -0.982524 -2.13726 2.10651 2.57037  
SINGLE   MET   CG   SD   CE   LG1   OH   Phos   OH ### REMARK 4s0v_receptor_only_PV-004289409993_14_98.pdb_MET138_PVX_Packing_score:-6.113776_Hbond_score:0.000000
RT 0.356617 -0.813119 -0.460067 -0.928071 -0.251777 -0.274396 0.107282 0.524829 -0.84442 0.158389 3.10867 -0.964235  
SINGLE   CYS   SG   CB   CA   LG1   OH   Phos   OH ### REMARK 4s0v_receptor_only_PV-004289409993_14_98.pdb_CYS152_PVX_Packing_score:-3.538896_Hbond_score:0.000000
RT -0.0668382 -0.459557 0.88563 -0.935089 -0.280779 -0.216268 0.348054 -0.842598 -0.41096 2.85108 1.83924 -0.73035  
SINGLE   ASP   OD1   CG   OD2   LG1   OOC   Phos   OH ### REMARK 4s0v_receptor_only_PV-004289409993_14_98.pdb_ASP153_PVX_Packing_score:-2.214807_Hbond_score:0.000000
RT -0.690665 -0.304255 -0.656057 -0.110774 0.940994 -0.31978 0.71464 -0.148187 -0.683615 1.6104 -5.07937 -1.83433  
SINGLE   ILE   CG1   CB   CG2   LG1   OOC   COO   aroC ### REMARK 4s0v_receptor_only_PV-004289409993_14_98.pdb_ILE419_PVX_Packing_score:-1.741750_Hbond_score:0.000000
RT 0.384961 0.889348 0.246707 -0.77624 0.167394 0.607807 0.499255 -0.425486 0.754788 4.02077 2.09959 -2.63195  
SINGLE   HIS   ND1   CE1   NE2   LG1   OH   CH1   CH1 ### REMARK 4s0v_receptor_only_PV-004289409993_14_98.pdb_HIS447_PVX_Packing_score:-6.571391_Hbond_score:-0.004804
RT -0.358083 0.708791 0.607776 0.0210557 0.656904 -0.75368 -0.933452 -0.257082 -0.25015 -1.24743 2.25314 3.17519  
SINGLE   TYR   CE1   CZ   CE2   LG1   Oaro   CH1   CH1 ### REMARK 4s0v_receptor_only_PV-004289409993_14_98.pdb_TYR451_PVX_Packing_score:-1.271031_Hbond_score:0.000000
RT 0.446504 -0.0902256 -0.890221 -0.89423 -0.0799441 -0.440411 -0.0314316 0.992708 -0.116378 -2.83476 -1.38934 2.88967  
