SINGLE   CYS   SG   CB   CA   LG1   CH3   OH   aroC ### REMARK 4s0v_receptor_only_PV-006254270889_138_5.pdb_CYS58_PVX_Packing_score:-2.487038_Hbond_score:0.000000
RT -0.180496 -0.373048 -0.910086 0.849129 -0.52607 0.047232 -0.496388 -0.764255 0.411719 1.91745 -1.35812 -1.93657  
SINGLE   THR   OG1   CB   CG2   LG1   OOC   Phos   OH ### REMARK 4s0v_receptor_only_PV-006254270889_138_5.pdb_THR62_PVX_Packing_score:-1.805207_Hbond_score:0.000000
RT -0.666455 0.296536 0.684036 -0.366182 0.669008 -0.646792 -0.649422 -0.681538 -0.337277 0.20227 1.72204 5.14136  
SINGLE   VAL   CG1   CB   CG2   LG1   OH   Phos   OH ### REMARK 4s0v_receptor_only_PV-006254270889_138_5.pdb_VAL65_PVX_Packing_score:-3.966182_Hbond_score:0.000000
RT 0.624317 0.736806 -0.259511 -0.105161 -0.249912 -0.962541 -0.774061 0.628221 -0.0785414 1.39996 -0.0210175 1.848  
SINGLE   ILE   CG1   CB   CG2   LG1   CH3   OH   aroC ### REMARK 4s0v_receptor_only_PV-006254270889_138_5.pdb_ILE81_PVX_Packing_score:-1.376613_Hbond_score:0.000000
RT 0.576924 -0.786429 0.220655 -0.273506 0.0685493 0.959424 -0.769645 -0.613865 -0.175545 -3.01483 2.50468 2.63714  
SINGLE   PRO   CG   CD   NV   LG1   Nhis   COO   ONH2 ### REMARK 4s0v_receptor_only_PV-006254270889_138_5.pdb_PRO82_PVX_Packing_score:-1.300654_Hbond_score:0.000000
RT 0.70305 -0.402551 0.586237 -0.699204 -0.5417 0.466557 0.129751 -0.737912 -0.662307 4.8349 4.10421 0.756556  
SINGLE   GLN   OE1   CD   NE2   LG1   aroC   aroC   aroC ### REMARK 4s0v_receptor_only_PV-006254270889_138_5.pdb_GLN85_PVX_Packing_score:-7.921090_Hbond_score:0.000000
RT 0.719655 -0.118416 0.68416 -0.649022 0.235396 0.723436 -0.246715 -0.964659 0.0925493 -0.104877 -1.54374 0.561831  
SINGLE   ASP   OD1   CG   OD2   LG1   aroC   aroC   aroC ### REMARK 4s0v_receptor_only_PV-006254270889_138_5.pdb_ASP153_PVX_Packing_score:-1.508764_Hbond_score:0.000000
RT -0.784223 0.420642 0.45613 0.412918 -0.194904 0.889669 0.463134 0.886043 -0.0208427 10.4049 -3.87558 -10.033  
SINGLE   GLU   OE1   CD   OE2   LG1   aroC   COO   aroC ### REMARK 4s0v_receptor_only_PV-006254270889_138_5.pdb_GLU154_PVX_Packing_score:-2.095728_Hbond_score:0.000000
RT 0.380195 -0.582762 0.71822 0.290765 -0.661854 -0.690945 0.878013 0.471527 -0.0821869 0.547703 -0.539344 3.09767  
SINGLE   LYS   NZ   CE   CD   LG1   aroC   Nhis   aroC ### REMARK 4s0v_receptor_only_PV-006254270889_138_5.pdb_LYS426_PVX_Packing_score:-1.622942_Hbond_score:-0.238838
RT 0.393101 0.709495 -0.584883 -0.163224 0.679833 0.714972 0.904892 -0.185589 0.38305 3.69633 1.14736 2.31828  
SINGLE   ARG   NH1   CZ   NH2   LG1   CH1   CH1   CH1 ### REMARK 4s0v_receptor_only_PV-006254270889_138_5.pdb_ARG427_PVX_Packing_score:-2.411042_Hbond_score:-0.232424
RT 0.733643 -0.677782 0.048774 0.369302 0.457931 0.80865 -0.570424 -0.575248 0.586265 -8.90472 -0.705903 4.82337  
SINGLE   PHE   CE1   CZ   CE2   LG1   aroC   aroC   aroC ### REMARK 4s0v_receptor_only_PV-006254270889_138_5.pdb_PHE443_PVX_Packing_score:-1.575073_Hbond_score:0.000000
RT -0.587393 0.762241 0.271953 0.01068 -0.328704 0.944373 0.809232 0.557622 0.184938 2.79836 -0.618823 -3.10431  
SINGLE   HIS   ND1   CE1   NE2   LG1   OH   CH1   CH1 ### REMARK 4s0v_receptor_only_PV-006254270889_138_5.pdb_HIS447_PVX_Packing_score:-4.916867_Hbond_score:0.000000
RT 0.688957 -0.147915 -0.709549 0.30801 -0.826415 0.471348 -0.656101 -0.543286 -0.523805 -0.203791 0.800657 3.6276  
