SINGLE   GLN   OE1   CD   NE2   LG1   aroC   aroC   aroC ### REMARK 4s0v_receptor_only_Z1393238519_153_18.pdb_GLN134_Z13_Packing_score:-1.430088_Hbond_score:0.000000
RT 0.669248 0.742434 0.0299747 -0.648811 0.56424 0.510565 0.362148 -0.361143 0.859316 1.73745 2.90721 -2.58346  
SINGLE   HIS   ND1   CE1   NE2   LG1   aroC   aroC   aroC ### REMARK 4s0v_receptor_only_Z1393238519_153_18.pdb_HIS166_Z13_Packing_score:-1.093828_Hbond_score:0.000000
RT 0.746716 0.665096 -0.00785877 0.0734276 -0.0706841 0.994793 0.661077 -0.743405 -0.101617 -2.20689 -2.71599 1.20764  
SINGLE   PHE   CE1   CZ   CE2   LG1   aroC   aroC   CH1 ### REMARK 4s0v_receptor_only_Z1393238519_153_18.pdb_PHE169_Z13_Packing_score:-1.841944_Hbond_score:0.000000
RT -0.380927 -0.890444 0.249006 0.389706 -0.398843 -0.830092 0.838465 -0.219166 0.498942 3.99482 -3.51519 -11.4074  
SINGLE   ILE   CG1   CB   CG2   LG1   Nhis   CH2   aroC ### REMARK 4s0v_receptor_only_Z1393238519_153_18.pdb_ILE419_Z13_Packing_score:-1.430930_Hbond_score:0.000000
RT 0.575439 0.787358 -0.221218 -0.599883 0.222495 -0.768529 -0.555887 0.574947 0.600355 3.37793 3.06113 -0.201881  
SINGLE   ASN   OD1   CG   ND2   LG1   aroC   aroC   CH1 ### REMARK 4s0v_receptor_only_Z1393238519_153_18.pdb_ASN423_Z13_Packing_score:-1.849200_Hbond_score:0.000000
RT 0.974885 0.18752 0.120151 -0.1005 -0.111026 0.988723 0.198745 -0.975966 -0.0893921 3.05917 1.97183 1.82697  
SINGLE   LYS   NZ   CE   CD   LG1   F   CH1   F ### REMARK 4s0v_receptor_only_Z1393238519_153_18.pdb_LYS426_Z13_Packing_score:-1.526210_Hbond_score:0.000000
RT -0.39104 -0.675165 0.625492 -0.881269 0.470664 -0.0429031 -0.26543 -0.568003 -0.77905 3.89309 2.48215 0.267369  
SINGLE   PHE   CE1   CZ   CE2   LG1   F   CH1   F ### REMARK 4s0v_receptor_only_Z1393238519_153_18.pdb_PHE443_Z13_Packing_score:-2.524597_Hbond_score:0.000000
RT -0.685294 -0.686106 0.244195 -0.0260671 0.358204 0.93328 -0.7278 0.633205 -0.26336 2.46952 -0.696535 -3.15212  
SINGLE   HIS   ND1   CE1   NE2   LG1   F   CH1   aroC ### REMARK 4s0v_receptor_only_Z1393238519_153_18.pdb_HIS447_Z13_Packing_score:-2.172057_Hbond_score:0.000000
RT 0.96696 -0.187225 -0.173019 0.25232 0.606027 0.754364 -0.0363816 -0.773096 0.633245 -3.17183 -1.69053 0.656035  
